Handle,Title,Body (HTML),Vendor,Type,Tags,Published,Option1 Name,Option1 Value,Option2 Name,Option2 Value,Option3 Name,Option3 Value,Variant SKU,Variant Grams,Variant Inventory Tracker,Variant Inventory Policy,Variant Fulfillment Service,Variant Price,Variant Compare At Price,Variant Requires Shipping,Variant Taxable,Variant Barcode,Image Src,Image Position,Image Alt Text,Gift Card,SEO Title,SEO Description,Variant Image,Variant Weight Unit,Variant Tax Code,Cost per item
iphone-11-pro-diagnostic-service,iPhone 11 Pro Diagnostic Service,"<div style=""position: relative; padding-bottom: 56.25%; padding-top: 30px; height: 0; overflow: hidden;""><iframe style=""position: absolute; top: 0; left: 0; width: 100%; height: 100%; display: block; margin-left: auto; margin-right: auto;"" src=""https://www.youtube.com/embed/9z61L7QyDVo"" width=""853"" height=""480"" frameborder=""0"" allowfullscreen=""allowfullscreen""></iframe></div><p>&nbsp;</p><h2>iPhone 11 Pro Diagnostic Service</h2><p>&nbsp;</p><p>At iFixYouri, we understand. Your iPhone 11 Pro is really important to you. When it breaks, it can really mess up your day. If you are in need of Diagnostic Service, let the professional repair technicians at iFixYouri help you out.</p><p>&nbsp;</p><p><strong>*NOTE: If you decline repairs for diagnostic or water damage treatment or your device is deemed non-repairable, you will be responsible for shipping and handling.</strong></p> This is the service you need if you aren't quite sure what the problem with your iPhone 11 Pro is. We'll find out what is going on, and contact you with a repair quote.<p>&nbsp;</p><p>With Diagnostic Service for iPhone 11 Pro, iFixYouri is here to help. With this service, our repair technicians inspect the problem, as well as any other affected components, repair your device, and send it back to you asap. If there are any other issues affecting your device, we'll let you know and proceed with those repairs only after your approval.</p><p>&nbsp;</p>Free UPS ground shipping and $100 of insurance are included. You may purchase faster shipping options and additional insurance protection using the drop-down options above. That's up to you. Don't send us your cables, charges, or cases please. We have plenty here already :) Just package your iPhone 11 Pro in a secure box and affix the provided label.</p><p>&nbsp;</p><p>iFixYouri can be reached at <a href=""tel:888-494-4349"">888-494-4349</a> or <a href=""mailto:support@ifixyouri.com"">support@ifixyouri.com</a>. Get your iPhone 11 Pro working like new with the help of experienced technicians who do the job right the first time, and save yourself a lot of money and hassle.</p>",iFixYouri,,iPhone 11 Pro Repair Services,TRUE,Inbound Shipping,Email me a UPS Ground Label. FREE!,Outbound Shipping,Ship my device back to me UPS Ground. FREE!,Insurance,$100 - FREE!,,0,,continue,manual,0.0,,TRUE,TRUE,,,,,,iPhone 11 Pro Diagnostic Service,iPhone 11 Pro Diagnostic Service performed by repair experts iFixYouri. Warranty included. Call today 888-494-4349.,,lb,,
iphone-11-pro-diagnostic-service,,,,,,,,Email me a UPS 2nd Day Air Label. +$10.00,,Ship my device back to me UPS Ground. FREE!,,$100 - FREE!,,0,,continue,manual,10.0,,TRUE,TRUE,,,,,,,,,lb,,
iphone-11-pro-diagnostic-service,,,,,,,,Email me a UPS Next Day Air Label. +$20.00,,Ship my device back to me UPS Ground. FREE!,,$100 - FREE!,,0,,continue,manual,20.0,,TRUE,TRUE,,,,,,,,,lb,,
iphone-11-pro-diagnostic-service,,,,,,,,Email me a UPS Ground Label. FREE!,,Ship my device back to me UPS Ground. FREE!,,$250 - +$5.00,,0,,continue,manual,5.0,,TRUE,TRUE,,,,,,,,,lb,,
iphone-11-pro-diagnostic-service,,,,,,,,Email me a UPS 2nd Day Air Label. +$10.00,,Ship my device back to me UPS Ground. FREE!,,$250 - +$5.00,,0,,continue,manual,15.0,,TRUE,TRUE,,,,,,,,,lb,,
iphone-11-pro-diagnostic-service,,,,,,,,Email me a UPS Next Day Air Label. +$20.00,,Ship my device back to me UPS Ground. FREE!,,$250 - +$5.00,,0,,continue,manual,25.0,,TRUE,TRUE,,,,,,,,,lb,,
iphone-11-pro-diagnostic-service,,,,,,,,Email me a UPS Ground Label. FREE!,,Ship my device back to me UPS Ground. FREE!,,$500 - +$10.00,,0,,continue,manual,10.0,,TRUE,TRUE,,,,,,,,,lb,,
iphone-11-pro-diagnostic-service,,,,,,,,Email me a UPS 2nd Day Air Label. +$10.00,,Ship my device back to me UPS Ground. FREE!,,$500 - +$10.00,,0,,continue,manual,20.0,,TRUE,TRUE,,,,,,,,,lb,,
iphone-11-pro-diagnostic-service,,,,,,,,Email me a UPS Next Day Air Label. +$20.00,,Ship my device back to me UPS Ground. FREE!,,$500 - +$10.00,,0,,continue,manual,30.0,,TRUE,TRUE,,,,,,,,,lb,,
iphone-11-pro-diagnostic-service,,,,,,,,Email me a UPS Ground Label. FREE!,,Ship my device back to me UPS Ground. FREE!,,$750 - +$15.00,,0,,continue,manual,15.0,,TRUE,TRUE,,,,,,,,,lb,,
iphone-11-pro-diagnostic-service,,,,,,,,Email me a UPS 2nd Day Air Label. +$10.00,,Ship my device back to me UPS Ground. FREE!,,$750 - +$15.00,,0,,continue,manual,25.0,,TRUE,TRUE,,,,,,,,,lb,,
iphone-11-pro-diagnostic-service,,,,,,,,Email me a UPS Next Day Air Label. +$20.00,,Ship my device back to me UPS Ground. FREE!,,$750 - +$15.00,,0,,continue,manual,35.0,,TRUE,TRUE,,,,,,,,,lb,,
iphone-11-pro-diagnostic-service,,,,,,,,Email me a UPS Ground Label. FREE!,,Ship my device back to me UPS Ground. FREE!,,"$1,000 - +$20.00",,0,,continue,manual,20.0,,TRUE,TRUE,,,,,,,,,lb,,
iphone-11-pro-diagnostic-service,,,,,,,,Email me a UPS 2nd Day Air Label. +$10.00,,Ship my device back to me UPS Ground. FREE!,,"$1,000 - +$20.00",,0,,continue,manual,30.0,,TRUE,TRUE,,,,,,,,,lb,,
iphone-11-pro-diagnostic-service,,,,,,,,Email me a UPS Next Day Air Label. +$20.00,,Ship my device back to me UPS Ground. FREE!,,"$1,000 - +$20.00",,0,,continue,manual,40.0,,TRUE,TRUE,,,,,,,,,lb,,
iphone-11-pro-diagnostic-service,,,,,,,,Email me a UPS Ground Label. FREE!,,Ship my device back to me UPS 2nd Day Air. +$13.50,,$100 - FREE!,,0,,continue,manual,13.5,,TRUE,TRUE,,,,,,,,,lb,,
iphone-11-pro-diagnostic-service,,,,,,,,Email me a UPS 2nd Day Air Label. +$10.00,,Ship my device back to me UPS 2nd Day Air. +$13.50,,$100 - FREE!,,0,,continue,manual,23.5,,TRUE,TRUE,,,,,,,,,lb,,
iphone-11-pro-diagnostic-service,,,,,,,,Email me a UPS Next Day Air Label. +$20.00,,Ship my device back to me UPS 2nd Day Air. +$13.50,,$100 - FREE!,,0,,continue,manual,33.5,,TRUE,TRUE,,,,,,,,,lb,,
iphone-11-pro-diagnostic-service,,,,,,,,Email me a UPS Ground Label. FREE!,,Ship my device back to me UPS 2nd Day Air. +$13.50,,$250 - +$5.00,,0,,continue,manual,18.5,,TRUE,TRUE,,,,,,,,,lb,,
iphone-11-pro-diagnostic-service,,,,,,,,Email me a UPS 2nd Day Air Label. +$10.00,,Ship my device back to me UPS 2nd Day Air. +$13.50,,$250 - +$5.00,,0,,continue,manual,28.5,,TRUE,TRUE,,,,,,,,,lb,,
iphone-11-pro-diagnostic-service,,,,,,,,Email me a UPS Next Day Air Label. +$20.00,,Ship my device back to me UPS 2nd Day Air. +$13.50,,$250 - +$5.00,,0,,continue,manual,38.5,,TRUE,TRUE,,,,,,,,,lb,,
iphone-11-pro-diagnostic-service,,,,,,,,Email me a UPS Ground Label. FREE!,,Ship my device back to me UPS 2nd Day Air. +$13.50,,$500 - +$10.00,,0,,continue,manual,23.5,,TRUE,TRUE,,,,,,,,,lb,,
iphone-11-pro-diagnostic-service,,,,,,,,Email me a UPS 2nd Day Air Label. +$10.00,,Ship my device back to me UPS 2nd Day Air. +$13.50,,$500 - +$10.00,,0,,continue,manual,33.5,,TRUE,TRUE,,,,,,,,,lb,,
iphone-11-pro-diagnostic-service,,,,,,,,Email me a UPS Next Day Air Label. +$20.00,,Ship my device back to me UPS 2nd Day Air. +$13.50,,$500 - +$10.00,,0,,continue,manual,43.5,,TRUE,TRUE,,,,,,,,,lb,,
iphone-11-pro-diagnostic-service,,,,,,,,Email me a UPS Ground Label. FREE!,,Ship my device back to me UPS 2nd Day Air. +$13.50,,$750 - +$15.00,,0,,continue,manual,28.5,,TRUE,TRUE,,,,,,,,,lb,,
iphone-11-pro-diagnostic-service,,,,,,,,Email me a UPS 2nd Day Air Label. +$10.00,,Ship my device back to me UPS 2nd Day Air. +$13.50,,$750 - +$15.00,,0,,continue,manual,38.5,,TRUE,TRUE,,,,,,,,,lb,,
iphone-11-pro-diagnostic-service,,,,,,,,Email me a UPS Next Day Air Label. +$20.00,,Ship my device back to me UPS 2nd Day Air. +$13.50,,$750 - +$15.00,,0,,continue,manual,48.5,,TRUE,TRUE,,,,,,,,,lb,,
iphone-11-pro-diagnostic-service,,,,,,,,Email me a UPS Ground Label. FREE!,,Ship my device back to me UPS 2nd Day Air. +$13.50,,"$1,000 - +$20.00",,0,,continue,manual,33.5,,TRUE,TRUE,,,,,,,,,lb,,
iphone-11-pro-diagnostic-service,,,,,,,,Email me a UPS 2nd Day Air Label. +$10.00,,Ship my device back to me UPS 2nd Day Air. +$13.50,,"$1,000 - +$20.00",,0,,continue,manual,43.5,,TRUE,TRUE,,,,,,,,,lb,,
iphone-11-pro-diagnostic-service,,,,,,,,Email me a UPS Next Day Air Label. +$20.00,,Ship my device back to me UPS 2nd Day Air. +$13.50,,"$1,000 - +$20.00",,0,,continue,manual,53.5,,TRUE,TRUE,,,,,,,,,lb,,
iphone-11-pro-diagnostic-service,,,,,,,,Email me a UPS Ground Label. FREE!,,Ship my device back to me UPS Next Day Air. +$23.50,,$100 - FREE!,,0,,continue,manual,23.5,,TRUE,TRUE,,,,,,,,,lb,,
iphone-11-pro-diagnostic-service,,,,,,,,Email me a UPS 2nd Day Air Label. +$10.00,,Ship my device back to me UPS Next Day Air. +$23.50,,$100 - FREE!,,0,,continue,manual,33.5,,TRUE,TRUE,,,,,,,,,lb,,
iphone-11-pro-diagnostic-service,,,,,,,,Email me a UPS Next Day Air Label. +$20.00,,Ship my device back to me UPS Next Day Air. +$23.50,,$100 - FREE!,,0,,continue,manual,43.5,,TRUE,TRUE,,,,,,,,,lb,,
iphone-11-pro-diagnostic-service,,,,,,,,Email me a UPS Ground Label. FREE!,,Ship my device back to me UPS Next Day Air. +$23.50,,$250 - +$5.00,,0,,continue,manual,28.5,,TRUE,TRUE,,,,,,,,,lb,,
iphone-11-pro-diagnostic-service,,,,,,,,Email me a UPS 2nd Day Air Label. +$10.00,,Ship my device back to me UPS Next Day Air. +$23.50,,$250 - +$5.00,,0,,continue,manual,38.5,,TRUE,TRUE,,,,,,,,,lb,,
iphone-11-pro-diagnostic-service,,,,,,,,Email me a UPS Next Day Air Label. +$20.00,,Ship my device back to me UPS Next Day Air. +$23.50,,$250 - +$5.00,,0,,continue,manual,48.5,,TRUE,TRUE,,,,,,,,,lb,,
iphone-11-pro-diagnostic-service,,,,,,,,Email me a UPS Ground Label. FREE!,,Ship my device back to me UPS Next Day Air. +$23.50,,$500 - +$10.00,,0,,continue,manual,33.5,,TRUE,TRUE,,,,,,,,,lb,,
iphone-11-pro-diagnostic-service,,,,,,,,Email me a UPS 2nd Day Air Label. +$10.00,,Ship my device back to me UPS Next Day Air. +$23.50,,$500 - +$10.00,,0,,continue,manual,43.5,,TRUE,TRUE,,,,,,,,,lb,,
iphone-11-pro-diagnostic-service,,,,,,,,Email me a UPS Next Day Air Label. +$20.00,,Ship my device back to me UPS Next Day Air. +$23.50,,$500 - +$10.00,,0,,continue,manual,53.5,,TRUE,TRUE,,,,,,,,,lb,,
iphone-11-pro-diagnostic-service,,,,,,,,Email me a UPS Ground Label. FREE!,,Ship my device back to me UPS Next Day Air. +$23.50,,$750 - +$15.00,,0,,continue,manual,38.5,,TRUE,TRUE,,,,,,,,,lb,,
iphone-11-pro-diagnostic-service,,,,,,,,Email me a UPS 2nd Day Air Label. +$10.00,,Ship my device back to me UPS Next Day Air. +$23.50,,$750 - +$15.00,,0,,continue,manual,48.5,,TRUE,TRUE,,,,,,,,,lb,,
iphone-11-pro-diagnostic-service,,,,,,,,Email me a UPS Next Day Air Label. +$20.00,,Ship my device back to me UPS Next Day Air. +$23.50,,$750 - +$15.00,,0,,continue,manual,58.5,,TRUE,TRUE,,,,,,,,,lb,,
iphone-11-pro-diagnostic-service,,,,,,,,Email me a UPS Ground Label. FREE!,,Ship my device back to me UPS Next Day Air. +$23.50,,"$1,000 - +$20.00",,0,,continue,manual,43.5,,TRUE,TRUE,,,,,,,,,lb,,
iphone-11-pro-diagnostic-service,,,,,,,,Email me a UPS 2nd Day Air Label. +$10.00,,Ship my device back to me UPS Next Day Air. +$23.50,,"$1,000 - +$20.00",,0,,continue,manual,53.5,,TRUE,TRUE,,,,,,,,,lb,,
iphone-11-pro-diagnostic-service,,,,,,,,Email me a UPS Next Day Air Label. +$20.00,,Ship my device back to me UPS Next Day Air. +$23.50,,"$1,000 - +$20.00",,0,,continue,manual,63.5,,TRUE,TRUE,,,,,,,,,lb,,
iphone-11-pro-glass-repair,iPhone 11 Pro Glass Repair,"<div style=""position: relative; padding-bottom: 56.25%; padding-top: 30px; height: 0; overflow: hidden;""><iframe style=""position: absolute; top: 0; left: 0; width: 100%; height: 100%; display: block; margin-left: auto; margin-right: auto;"" src=""https://www.youtube.com/embed/1vrnuazxPIo"" width=""853"" height=""480"" frameborder=""0"" allowfullscreen=""allowfullscreen""></iframe></div><p>&nbsp;</p><h2>iPhone 11 Pro Glass Repair</h2><p>&nbsp;</p><p>We recommend not trying Glass Repair yourself. Devices have become more and more sophisticated and you may cause more damage. Using the supplied shipping label, send your iPhone 11 Pro to iFixYouri's mail-in center so our skilled repair technicians can inspect your device, pinpoint all/any issues affecting it, and get them repaired the professional way.</p> Those who have both cracked glass and a broken LCD should opt for our iPhone 11 Pro Glass & LCD Repair. This service is for glass breakage only.<p>&nbsp;</p><p>iFixYouri is here to solve your problem with Glass Repair for iPhone 11 Pro. With this service, we'll determine the extent of the damage, get your device repaired, and send it back to you. We'll let you know if there are any other issues affecting your device and give you the option of proceeding with those repairs.</p><p>&nbsp;</p><p>Faster shipping options and extra insurance protection are available for purchase if you'd like. Simply choose from the drop-downs before adding to your shopping cart. When packaging your device, use a sturdy, secure box. You do not need to ship us your cases, cables, or accessories.</p><p>&nbsp;</p><p>All replacement parts come with a 90-day warranty that covers all but accidental damage.</p><p>&nbsp;</p><p>Do you have any questions about Glass Repair from iFixYouri? Just ask them in the box below, and we'll get back to you. Alternatively, you can always reach us via our support phone number <a href=""tel:888-494-4349"">888-494-4349</a> or email <a href=""mailto:support@ifixyouri.com"">support@ifixyouri.com</a></p>",iFixYouri,,iPhone 11 Pro Repair Services,TRUE,Inbound Shipping,Email me a UPS Ground Label. FREE!,Outbound Shipping,Ship my device back to me UPS Ground. FREE!,Insurance,$100 - FREE!,,0,,continue,manual,349.99,,TRUE,TRUE,,,,,,iPhone 11 Pro Glass Repair,iPhone 11 Pro Glass Repair performed by repair experts iFixYouri. Warranty included. Call today 888-494-4349.,,lb,,
iphone-11-pro-glass-repair,,,,,,,,Email me a UPS 2nd Day Air Label. +$10.00,,Ship my device back to me UPS Ground. FREE!,,$100 - FREE!,,0,,continue,manual,359.99,,TRUE,TRUE,,,,,,,,,lb,,
iphone-11-pro-glass-repair,,,,,,,,Email me a UPS Next Day Air Label. +$20.00,,Ship my device back to me UPS Ground. FREE!,,$100 - FREE!,,0,,continue,manual,369.99,,TRUE,TRUE,,,,,,,,,lb,,
iphone-11-pro-glass-repair,,,,,,,,Email me a UPS Ground Label. FREE!,,Ship my device back to me UPS Ground. FREE!,,$250 - +$5.00,,0,,continue,manual,354.99,,TRUE,TRUE,,,,,,,,,lb,,
iphone-11-pro-glass-repair,,,,,,,,Email me a UPS 2nd Day Air Label. +$10.00,,Ship my device back to me UPS Ground. FREE!,,$250 - +$5.00,,0,,continue,manual,364.99,,TRUE,TRUE,,,,,,,,,lb,,
iphone-11-pro-glass-repair,,,,,,,,Email me a UPS Next Day Air Label. +$20.00,,Ship my device back to me UPS Ground. FREE!,,$250 - +$5.00,,0,,continue,manual,374.99,,TRUE,TRUE,,,,,,,,,lb,,
iphone-11-pro-glass-repair,,,,,,,,Email me a UPS Ground Label. FREE!,,Ship my device back to me UPS Ground. FREE!,,$500 - +$10.00,,0,,continue,manual,359.99,,TRUE,TRUE,,,,,,,,,lb,,
iphone-11-pro-glass-repair,,,,,,,,Email me a UPS 2nd Day Air Label. +$10.00,,Ship my device back to me UPS Ground. FREE!,,$500 - +$10.00,,0,,continue,manual,369.99,,TRUE,TRUE,,,,,,,,,lb,,
iphone-11-pro-glass-repair,,,,,,,,Email me a UPS Next Day Air Label. +$20.00,,Ship my device back to me UPS Ground. FREE!,,$500 - +$10.00,,0,,continue,manual,379.99,,TRUE,TRUE,,,,,,,,,lb,,
iphone-11-pro-glass-repair,,,,,,,,Email me a UPS Ground Label. FREE!,,Ship my device back to me UPS Ground. FREE!,,$750 - +$15.00,,0,,continue,manual,364.99,,TRUE,TRUE,,,,,,,,,lb,,
iphone-11-pro-glass-repair,,,,,,,,Email me a UPS 2nd Day Air Label. +$10.00,,Ship my device back to me UPS Ground. FREE!,,$750 - +$15.00,,0,,continue,manual,374.99,,TRUE,TRUE,,,,,,,,,lb,,
iphone-11-pro-glass-repair,,,,,,,,Email me a UPS Next Day Air Label. +$20.00,,Ship my device back to me UPS Ground. FREE!,,$750 - +$15.00,,0,,continue,manual,384.99,,TRUE,TRUE,,,,,,,,,lb,,
iphone-11-pro-glass-repair,,,,,,,,Email me a UPS Ground Label. FREE!,,Ship my device back to me UPS Ground. FREE!,,"$1,000 - +$20.00",,0,,continue,manual,369.99,,TRUE,TRUE,,,,,,,,,lb,,
iphone-11-pro-glass-repair,,,,,,,,Email me a UPS 2nd Day Air Label. +$10.00,,Ship my device back to me UPS Ground. FREE!,,"$1,000 - +$20.00",,0,,continue,manual,379.99,,TRUE,TRUE,,,,,,,,,lb,,
iphone-11-pro-glass-repair,,,,,,,,Email me a UPS Next Day Air Label. +$20.00,,Ship my device back to me UPS Ground. FREE!,,"$1,000 - +$20.00",,0,,continue,manual,389.99,,TRUE,TRUE,,,,,,,,,lb,,
iphone-11-pro-glass-repair,,,,,,,,Email me a UPS Ground Label. FREE!,,Ship my device back to me UPS 2nd Day Air. +$13.50,,$100 - FREE!,,0,,continue,manual,363.49,,TRUE,TRUE,,,,,,,,,lb,,
iphone-11-pro-glass-repair,,,,,,,,Email me a UPS 2nd Day Air Label. +$10.00,,Ship my device back to me UPS 2nd Day Air. +$13.50,,$100 - FREE!,,0,,continue,manual,373.49,,TRUE,TRUE,,,,,,,,,lb,,
iphone-11-pro-glass-repair,,,,,,,,Email me a UPS Next Day Air Label. +$20.00,,Ship my device back to me UPS 2nd Day Air. +$13.50,,$100 - FREE!,,0,,continue,manual,383.49,,TRUE,TRUE,,,,,,,,,lb,,
iphone-11-pro-glass-repair,,,,,,,,Email me a UPS Ground Label. FREE!,,Ship my device back to me UPS 2nd Day Air. +$13.50,,$250 - +$5.00,,0,,continue,manual,368.49,,TRUE,TRUE,,,,,,,,,lb,,
iphone-11-pro-glass-repair,,,,,,,,Email me a UPS 2nd Day Air Label. +$10.00,,Ship my device back to me UPS 2nd Day Air. +$13.50,,$250 - +$5.00,,0,,continue,manual,378.49,,TRUE,TRUE,,,,,,,,,lb,,
iphone-11-pro-glass-repair,,,,,,,,Email me a UPS Next Day Air Label. +$20.00,,Ship my device back to me UPS 2nd Day Air. +$13.50,,$250 - +$5.00,,0,,continue,manual,388.49,,TRUE,TRUE,,,,,,,,,lb,,
iphone-11-pro-glass-repair,,,,,,,,Email me a UPS Ground Label. FREE!,,Ship my device back to me UPS 2nd Day Air. +$13.50,,$500 - +$10.00,,0,,continue,manual,373.49,,TRUE,TRUE,,,,,,,,,lb,,
iphone-11-pro-glass-repair,,,,,,,,Email me a UPS 2nd Day Air Label. +$10.00,,Ship my device back to me UPS 2nd Day Air. +$13.50,,$500 - +$10.00,,0,,continue,manual,383.49,,TRUE,TRUE,,,,,,,,,lb,,
iphone-11-pro-glass-repair,,,,,,,,Email me a UPS Next Day Air Label. +$20.00,,Ship my device back to me UPS 2nd Day Air. +$13.50,,$500 - +$10.00,,0,,continue,manual,393.49,,TRUE,TRUE,,,,,,,,,lb,,
iphone-11-pro-glass-repair,,,,,,,,Email me a UPS Ground Label. FREE!,,Ship my device back to me UPS 2nd Day Air. +$13.50,,$750 - +$15.00,,0,,continue,manual,378.49,,TRUE,TRUE,,,,,,,,,lb,,
iphone-11-pro-glass-repair,,,,,,,,Email me a UPS 2nd Day Air Label. +$10.00,,Ship my device back to me UPS 2nd Day Air. +$13.50,,$750 - +$15.00,,0,,continue,manual,388.49,,TRUE,TRUE,,,,,,,,,lb,,
iphone-11-pro-glass-repair,,,,,,,,Email me a UPS Next Day Air Label. +$20.00,,Ship my device back to me UPS 2nd Day Air. +$13.50,,$750 - +$15.00,,0,,continue,manual,398.49,,TRUE,TRUE,,,,,,,,,lb,,
iphone-11-pro-glass-repair,,,,,,,,Email me a UPS Ground Label. FREE!,,Ship my device back to me UPS 2nd Day Air. +$13.50,,"$1,000 - +$20.00",,0,,continue,manual,383.49,,TRUE,TRUE,,,,,,,,,lb,,
iphone-11-pro-glass-repair,,,,,,,,Email me a UPS 2nd Day Air Label. +$10.00,,Ship my device back to me UPS 2nd Day Air. +$13.50,,"$1,000 - +$20.00",,0,,continue,manual,393.49,,TRUE,TRUE,,,,,,,,,lb,,
iphone-11-pro-glass-repair,,,,,,,,Email me a UPS Next Day Air Label. +$20.00,,Ship my device back to me UPS 2nd Day Air. +$13.50,,"$1,000 - +$20.00",,0,,continue,manual,403.49,,TRUE,TRUE,,,,,,,,,lb,,
iphone-11-pro-glass-repair,,,,,,,,Email me a UPS Ground Label. FREE!,,Ship my device back to me UPS Next Day Air. +$23.50,,$100 - FREE!,,0,,continue,manual,373.49,,TRUE,TRUE,,,,,,,,,lb,,
iphone-11-pro-glass-repair,,,,,,,,Email me a UPS 2nd Day Air Label. +$10.00,,Ship my device back to me UPS Next Day Air. +$23.50,,$100 - FREE!,,0,,continue,manual,383.49,,TRUE,TRUE,,,,,,,,,lb,,
iphone-11-pro-glass-repair,,,,,,,,Email me a UPS Next Day Air Label. +$20.00,,Ship my device back to me UPS Next Day Air. +$23.50,,$100 - FREE!,,0,,continue,manual,393.49,,TRUE,TRUE,,,,,,,,,lb,,
iphone-11-pro-glass-repair,,,,,,,,Email me a UPS Ground Label. FREE!,,Ship my device back to me UPS Next Day Air. +$23.50,,$250 - +$5.00,,0,,continue,manual,378.49,,TRUE,TRUE,,,,,,,,,lb,,
iphone-11-pro-glass-repair,,,,,,,,Email me a UPS 2nd Day Air Label. +$10.00,,Ship my device back to me UPS Next Day Air. +$23.50,,$250 - +$5.00,,0,,continue,manual,388.49,,TRUE,TRUE,,,,,,,,,lb,,
iphone-11-pro-glass-repair,,,,,,,,Email me a UPS Next Day Air Label. +$20.00,,Ship my device back to me UPS Next Day Air. +$23.50,,$250 - +$5.00,,0,,continue,manual,398.49,,TRUE,TRUE,,,,,,,,,lb,,
iphone-11-pro-glass-repair,,,,,,,,Email me a UPS Ground Label. FREE!,,Ship my device back to me UPS Next Day Air. +$23.50,,$500 - +$10.00,,0,,continue,manual,383.49,,TRUE,TRUE,,,,,,,,,lb,,
iphone-11-pro-glass-repair,,,,,,,,Email me a UPS 2nd Day Air Label. +$10.00,,Ship my device back to me UPS Next Day Air. +$23.50,,$500 - +$10.00,,0,,continue,manual,393.49,,TRUE,TRUE,,,,,,,,,lb,,
iphone-11-pro-glass-repair,,,,,,,,Email me a UPS Next Day Air Label. +$20.00,,Ship my device back to me UPS Next Day Air. +$23.50,,$500 - +$10.00,,0,,continue,manual,403.49,,TRUE,TRUE,,,,,,,,,lb,,
iphone-11-pro-glass-repair,,,,,,,,Email me a UPS Ground Label. FREE!,,Ship my device back to me UPS Next Day Air. +$23.50,,$750 - +$15.00,,0,,continue,manual,388.49,,TRUE,TRUE,,,,,,,,,lb,,
iphone-11-pro-glass-repair,,,,,,,,Email me a UPS 2nd Day Air Label. +$10.00,,Ship my device back to me UPS Next Day Air. +$23.50,,$750 - +$15.00,,0,,continue,manual,398.49,,TRUE,TRUE,,,,,,,,,lb,,
iphone-11-pro-glass-repair,,,,,,,,Email me a UPS Next Day Air Label. +$20.00,,Ship my device back to me UPS Next Day Air. +$23.50,,$750 - +$15.00,,0,,continue,manual,408.49,,TRUE,TRUE,,,,,,,,,lb,,
iphone-11-pro-glass-repair,,,,,,,,Email me a UPS Ground Label. FREE!,,Ship my device back to me UPS Next Day Air. +$23.50,,"$1,000 - +$20.00",,0,,continue,manual,393.49,,TRUE,TRUE,,,,,,,,,lb,,
iphone-11-pro-glass-repair,,,,,,,,Email me a UPS 2nd Day Air Label. +$10.00,,Ship my device back to me UPS Next Day Air. +$23.50,,"$1,000 - +$20.00",,0,,continue,manual,403.49,,TRUE,TRUE,,,,,,,,,lb,,
iphone-11-pro-glass-repair,,,,,,,,Email me a UPS Next Day Air Label. +$20.00,,Ship my device back to me UPS Next Day Air. +$23.50,,"$1,000 - +$20.00",,0,,continue,manual,413.49,,TRUE,TRUE,,,,,,,,,lb,,
iphone-11-pro-glass-&-lcd-repair,iPhone 11 Pro Glass & LCD Repair,"<div style=""position: relative; padding-bottom: 56.25%; padding-top: 30px; height: 0; overflow: hidden;""><iframe style=""position: absolute; top: 0; left: 0; width: 100%; height: 100%; display: block; margin-left: auto; margin-right: auto;"" src=""https://www.youtube.com/embed/tF_zuMX4ixI"" width=""853"" height=""480"" frameborder=""0"" allowfullscreen=""allowfullscreen""></iframe></div><p>&nbsp;</p><h2>iPhone 11 Pro Glass & LCD Repair</h2><p>&nbsp;</p><p>The iPhone 11 Pro has great build quality and design, but it isn't invincible. Since your device is of little use when broken, it's a good idea to bring it to iFixYouri for expert Glass & LCD Repair.</p><p>&nbsp;<p>Each device has its own lifespan - some devices use higher quality components than others and can last years if properly maintained. Drops, water or liquid, even a jolt can damage your device. </p> Those who have only cracked glass, NOT a broken LCD, should opt for our iPhone 11 Pro Glass Repair. This service is for both cracked glass and a broken LCD.<p>&nbsp;</p><p>Every repair service begins with a series of diagnostic tests to determine what the issue is. Our technicians use their repair experience to quickly diagnose the problem. In most cases, repairs are minimal; however, if we see that your iPhone 11 Pro has additional damage, we'll contact you before proceeding.</p><p>&nbsp;</p>Free UPS ground shipping and $100 of insurance are included. You may purchase faster shipping options and additional insurance protection using the drop-down options above. That's up to you. Don't send us your cables, charges, or cases please. We have plenty here already :) Just package your iPhone 11 Pro in a secure box and affix the provided label.</p><p>&nbsp;</p><p>Glass & LCD Repair repair includes a 90-day warranty that covers all but accidental damage. If you notice something off about the fit, function, or performance of your replacement part or parts, let us know right away and we will be glad to help.</p><p>&nbsp;</p><p>If you have specific questions about Glass & LCD Repair or any iPhone 11 Pro service from iFixYouri, please ask them in the box below. Contact customer service with any questions at <a href=""tel:888-494-4349"">888-494-4349</a> or <a href=""mailto:support@ifixyouri.com"">support@ifixyouri.com</a>.</p>",iFixYouri,,iPhone 11 Pro Repair Services,TRUE,Inbound Shipping,Email me a UPS Ground Label. FREE!,Outbound Shipping,Ship my device back to me UPS Ground. FREE!,Insurance,$100 - FREE!,,0,,continue,manual,369.99,,TRUE,TRUE,,,,,,iPhone 11 Pro Glass & LCD Repair,iPhone 11 Pro Glass & LCD Repair performed by repair experts iFixYouri. Warranty included. Call today 888-494-4349.,,lb,,
iphone-11-pro-glass-&-lcd-repair,,,,,,,,Email me a UPS 2nd Day Air Label. +$10.00,,Ship my device back to me UPS Ground. FREE!,,$100 - FREE!,,0,,continue,manual,379.99,,TRUE,TRUE,,,,,,,,,lb,,
iphone-11-pro-glass-&-lcd-repair,,,,,,,,Email me a UPS Next Day Air Label. +$20.00,,Ship my device back to me UPS Ground. FREE!,,$100 - FREE!,,0,,continue,manual,389.99,,TRUE,TRUE,,,,,,,,,lb,,
iphone-11-pro-glass-&-lcd-repair,,,,,,,,Email me a UPS Ground Label. FREE!,,Ship my device back to me UPS Ground. FREE!,,$250 - +$5.00,,0,,continue,manual,374.99,,TRUE,TRUE,,,,,,,,,lb,,
iphone-11-pro-glass-&-lcd-repair,,,,,,,,Email me a UPS 2nd Day Air Label. +$10.00,,Ship my device back to me UPS Ground. FREE!,,$250 - +$5.00,,0,,continue,manual,384.99,,TRUE,TRUE,,,,,,,,,lb,,
iphone-11-pro-glass-&-lcd-repair,,,,,,,,Email me a UPS Next Day Air Label. +$20.00,,Ship my device back to me UPS Ground. FREE!,,$250 - +$5.00,,0,,continue,manual,394.99,,TRUE,TRUE,,,,,,,,,lb,,
iphone-11-pro-glass-&-lcd-repair,,,,,,,,Email me a UPS Ground Label. FREE!,,Ship my device back to me UPS Ground. FREE!,,$500 - +$10.00,,0,,continue,manual,379.99,,TRUE,TRUE,,,,,,,,,lb,,
iphone-11-pro-glass-&-lcd-repair,,,,,,,,Email me a UPS 2nd Day Air Label. +$10.00,,Ship my device back to me UPS Ground. FREE!,,$500 - +$10.00,,0,,continue,manual,389.99,,TRUE,TRUE,,,,,,,,,lb,,
iphone-11-pro-glass-&-lcd-repair,,,,,,,,Email me a UPS Next Day Air Label. +$20.00,,Ship my device back to me UPS Ground. FREE!,,$500 - +$10.00,,0,,continue,manual,399.99,,TRUE,TRUE,,,,,,,,,lb,,
iphone-11-pro-glass-&-lcd-repair,,,,,,,,Email me a UPS Ground Label. FREE!,,Ship my device back to me UPS Ground. FREE!,,$750 - +$15.00,,0,,continue,manual,384.99,,TRUE,TRUE,,,,,,,,,lb,,
iphone-11-pro-glass-&-lcd-repair,,,,,,,,Email me a UPS 2nd Day Air Label. +$10.00,,Ship my device back to me UPS Ground. FREE!,,$750 - +$15.00,,0,,continue,manual,394.99,,TRUE,TRUE,,,,,,,,,lb,,
iphone-11-pro-glass-&-lcd-repair,,,,,,,,Email me a UPS Next Day Air Label. +$20.00,,Ship my device back to me UPS Ground. FREE!,,$750 - +$15.00,,0,,continue,manual,404.99,,TRUE,TRUE,,,,,,,,,lb,,
iphone-11-pro-glass-&-lcd-repair,,,,,,,,Email me a UPS Ground Label. FREE!,,Ship my device back to me UPS Ground. FREE!,,"$1,000 - +$20.00",,0,,continue,manual,389.99,,TRUE,TRUE,,,,,,,,,lb,,
iphone-11-pro-glass-&-lcd-repair,,,,,,,,Email me a UPS 2nd Day Air Label. +$10.00,,Ship my device back to me UPS Ground. FREE!,,"$1,000 - +$20.00",,0,,continue,manual,399.99,,TRUE,TRUE,,,,,,,,,lb,,
iphone-11-pro-glass-&-lcd-repair,,,,,,,,Email me a UPS Next Day Air Label. +$20.00,,Ship my device back to me UPS Ground. FREE!,,"$1,000 - +$20.00",,0,,continue,manual,409.99,,TRUE,TRUE,,,,,,,,,lb,,
iphone-11-pro-glass-&-lcd-repair,,,,,,,,Email me a UPS Ground Label. FREE!,,Ship my device back to me UPS 2nd Day Air. +$13.50,,$100 - FREE!,,0,,continue,manual,383.49,,TRUE,TRUE,,,,,,,,,lb,,
iphone-11-pro-glass-&-lcd-repair,,,,,,,,Email me a UPS 2nd Day Air Label. +$10.00,,Ship my device back to me UPS 2nd Day Air. +$13.50,,$100 - FREE!,,0,,continue,manual,393.49,,TRUE,TRUE,,,,,,,,,lb,,
iphone-11-pro-glass-&-lcd-repair,,,,,,,,Email me a UPS Next Day Air Label. +$20.00,,Ship my device back to me UPS 2nd Day Air. +$13.50,,$100 - FREE!,,0,,continue,manual,403.49,,TRUE,TRUE,,,,,,,,,lb,,
iphone-11-pro-glass-&-lcd-repair,,,,,,,,Email me a UPS Ground Label. FREE!,,Ship my device back to me UPS 2nd Day Air. +$13.50,,$250 - +$5.00,,0,,continue,manual,388.49,,TRUE,TRUE,,,,,,,,,lb,,
iphone-11-pro-glass-&-lcd-repair,,,,,,,,Email me a UPS 2nd Day Air Label. +$10.00,,Ship my device back to me UPS 2nd Day Air. +$13.50,,$250 - +$5.00,,0,,continue,manual,398.49,,TRUE,TRUE,,,,,,,,,lb,,
iphone-11-pro-glass-&-lcd-repair,,,,,,,,Email me a UPS Next Day Air Label. +$20.00,,Ship my device back to me UPS 2nd Day Air. +$13.50,,$250 - +$5.00,,0,,continue,manual,408.49,,TRUE,TRUE,,,,,,,,,lb,,
iphone-11-pro-glass-&-lcd-repair,,,,,,,,Email me a UPS Ground Label. FREE!,,Ship my device back to me UPS 2nd Day Air. +$13.50,,$500 - +$10.00,,0,,continue,manual,393.49,,TRUE,TRUE,,,,,,,,,lb,,
iphone-11-pro-glass-&-lcd-repair,,,,,,,,Email me a UPS 2nd Day Air Label. +$10.00,,Ship my device back to me UPS 2nd Day Air. +$13.50,,$500 - +$10.00,,0,,continue,manual,403.49,,TRUE,TRUE,,,,,,,,,lb,,
iphone-11-pro-glass-&-lcd-repair,,,,,,,,Email me a UPS Next Day Air Label. +$20.00,,Ship my device back to me UPS 2nd Day Air. +$13.50,,$500 - +$10.00,,0,,continue,manual,413.49,,TRUE,TRUE,,,,,,,,,lb,,
iphone-11-pro-glass-&-lcd-repair,,,,,,,,Email me a UPS Ground Label. FREE!,,Ship my device back to me UPS 2nd Day Air. +$13.50,,$750 - +$15.00,,0,,continue,manual,398.49,,TRUE,TRUE,,,,,,,,,lb,,
iphone-11-pro-glass-&-lcd-repair,,,,,,,,Email me a UPS 2nd Day Air Label. +$10.00,,Ship my device back to me UPS 2nd Day Air. +$13.50,,$750 - +$15.00,,0,,continue,manual,408.49,,TRUE,TRUE,,,,,,,,,lb,,
iphone-11-pro-glass-&-lcd-repair,,,,,,,,Email me a UPS Next Day Air Label. +$20.00,,Ship my device back to me UPS 2nd Day Air. +$13.50,,$750 - +$15.00,,0,,continue,manual,418.49,,TRUE,TRUE,,,,,,,,,lb,,
iphone-11-pro-glass-&-lcd-repair,,,,,,,,Email me a UPS Ground Label. FREE!,,Ship my device back to me UPS 2nd Day Air. +$13.50,,"$1,000 - +$20.00",,0,,continue,manual,403.49,,TRUE,TRUE,,,,,,,,,lb,,
iphone-11-pro-glass-&-lcd-repair,,,,,,,,Email me a UPS 2nd Day Air Label. +$10.00,,Ship my device back to me UPS 2nd Day Air. +$13.50,,"$1,000 - +$20.00",,0,,continue,manual,413.49,,TRUE,TRUE,,,,,,,,,lb,,
iphone-11-pro-glass-&-lcd-repair,,,,,,,,Email me a UPS Next Day Air Label. +$20.00,,Ship my device back to me UPS 2nd Day Air. +$13.50,,"$1,000 - +$20.00",,0,,continue,manual,423.49,,TRUE,TRUE,,,,,,,,,lb,,
iphone-11-pro-glass-&-lcd-repair,,,,,,,,Email me a UPS Ground Label. FREE!,,Ship my device back to me UPS Next Day Air. +$23.50,,$100 - FREE!,,0,,continue,manual,393.49,,TRUE,TRUE,,,,,,,,,lb,,
iphone-11-pro-glass-&-lcd-repair,,,,,,,,Email me a UPS 2nd Day Air Label. +$10.00,,Ship my device back to me UPS Next Day Air. +$23.50,,$100 - FREE!,,0,,continue,manual,403.49,,TRUE,TRUE,,,,,,,,,lb,,
iphone-11-pro-glass-&-lcd-repair,,,,,,,,Email me a UPS Next Day Air Label. +$20.00,,Ship my device back to me UPS Next Day Air. +$23.50,,$100 - FREE!,,0,,continue,manual,413.49,,TRUE,TRUE,,,,,,,,,lb,,
iphone-11-pro-glass-&-lcd-repair,,,,,,,,Email me a UPS Ground Label. FREE!,,Ship my device back to me UPS Next Day Air. +$23.50,,$250 - +$5.00,,0,,continue,manual,398.49,,TRUE,TRUE,,,,,,,,,lb,,
iphone-11-pro-glass-&-lcd-repair,,,,,,,,Email me a UPS 2nd Day Air Label. +$10.00,,Ship my device back to me UPS Next Day Air. +$23.50,,$250 - +$5.00,,0,,continue,manual,408.49,,TRUE,TRUE,,,,,,,,,lb,,
iphone-11-pro-glass-&-lcd-repair,,,,,,,,Email me a UPS Next Day Air Label. +$20.00,,Ship my device back to me UPS Next Day Air. +$23.50,,$250 - +$5.00,,0,,continue,manual,418.49,,TRUE,TRUE,,,,,,,,,lb,,
iphone-11-pro-glass-&-lcd-repair,,,,,,,,Email me a UPS Ground Label. FREE!,,Ship my device back to me UPS Next Day Air. +$23.50,,$500 - +$10.00,,0,,continue,manual,403.49,,TRUE,TRUE,,,,,,,,,lb,,
iphone-11-pro-glass-&-lcd-repair,,,,,,,,Email me a UPS 2nd Day Air Label. +$10.00,,Ship my device back to me UPS Next Day Air. +$23.50,,$500 - +$10.00,,0,,continue,manual,413.49,,TRUE,TRUE,,,,,,,,,lb,,
iphone-11-pro-glass-&-lcd-repair,,,,,,,,Email me a UPS Next Day Air Label. +$20.00,,Ship my device back to me UPS Next Day Air. +$23.50,,$500 - +$10.00,,0,,continue,manual,423.49,,TRUE,TRUE,,,,,,,,,lb,,
iphone-11-pro-glass-&-lcd-repair,,,,,,,,Email me a UPS Ground Label. FREE!,,Ship my device back to me UPS Next Day Air. +$23.50,,$750 - +$15.00,,0,,continue,manual,408.49,,TRUE,TRUE,,,,,,,,,lb,,
iphone-11-pro-glass-&-lcd-repair,,,,,,,,Email me a UPS 2nd Day Air Label. +$10.00,,Ship my device back to me UPS Next Day Air. +$23.50,,$750 - +$15.00,,0,,continue,manual,418.49,,TRUE,TRUE,,,,,,,,,lb,,
iphone-11-pro-glass-&-lcd-repair,,,,,,,,Email me a UPS Next Day Air Label. +$20.00,,Ship my device back to me UPS Next Day Air. +$23.50,,$750 - +$15.00,,0,,continue,manual,428.49,,TRUE,TRUE,,,,,,,,,lb,,
iphone-11-pro-glass-&-lcd-repair,,,,,,,,Email me a UPS Ground Label. FREE!,,Ship my device back to me UPS Next Day Air. +$23.50,,"$1,000 - +$20.00",,0,,continue,manual,413.49,,TRUE,TRUE,,,,,,,,,lb,,
iphone-11-pro-glass-&-lcd-repair,,,,,,,,Email me a UPS 2nd Day Air Label. +$10.00,,Ship my device back to me UPS Next Day Air. +$23.50,,"$1,000 - +$20.00",,0,,continue,manual,423.49,,TRUE,TRUE,,,,,,,,,lb,,
iphone-11-pro-glass-&-lcd-repair,,,,,,,,Email me a UPS Next Day Air Label. +$20.00,,Ship my device back to me UPS Next Day Air. +$23.50,,"$1,000 - +$20.00",,0,,continue,manual,433.49,,TRUE,TRUE,,,,,,,,,lb,,
iphone-11-pro-battery-replacement,iPhone 11 Pro Battery Replacement,"<h2>iPhone 11 Pro Battery Replacement</h2><p>&nbsp;</p><p>At iFixYouri, we understand. Your iPhone 11 Pro is really important to you. When it breaks, it can really mess up your day. If you are in need of Battery Replacement, let the professional repair technicians at iFixYouri help you out.</p> Old or bad batteries can really be frustrating. You might need Battery Replacement if your battery does not hold charge well or charges very slowly or barely at all.<p>&nbsp;</p><p>Every repair service begins with a series of diagnostic tests to determine what the issue is. Our technicians use their repair experience to quickly diagnose the problem. In most cases, repairs are minimal; however, if we see that your iPhone 11 Pro has additional damage, we'll contact you before proceeding.</p><p>&nbsp;</p><p>Faster shipping options and extra insurance protection are available for purchase if you'd like. Simply choose from the drop-downs before adding to your shopping cart. When packaging your device, use a sturdy, secure box. You do not need to ship us your cases, cables, or accessories.</p><p>&nbsp;</p><p>Battery Replacement repair includes a 90-day warranty that covers all but accidental damage. If you notice something off about the fit, function, or performance of your replacement part or parts, let us know right away and we will be glad to help.</p><p>&nbsp;</p><p>iFixYouri can be reached at <a href=""tel:888-494-4349"">888-494-4349</a> or <a href=""mailto:support@ifixyouri.com"">support@ifixyouri.com</a>. Get your iPhone 11 Pro working like new with the help of experienced technicians who do the job right the first time, and save yourself a lot of money and hassle.</p>",iFixYouri,,iPhone 11 Pro Repair Services,TRUE,Inbound Shipping,Email me a UPS Ground Label. FREE!,Outbound Shipping,Ship my device back to me UPS Ground. FREE!,Insurance,$100 - FREE!,,0,,continue,manual,89.99,,TRUE,TRUE,,,,,,iPhone 11 Pro Battery Replacement,iPhone 11 Pro Battery Replacement performed by repair experts iFixYouri. Warranty included. Call today 888-494-4349.,,lb,,
iphone-11-pro-battery-replacement,,,,,,,,Email me a UPS 2nd Day Air Label. +$10.00,,Ship my device back to me UPS Ground. FREE!,,$100 - FREE!,,0,,continue,manual,99.99,,TRUE,TRUE,,,,,,,,,lb,,
iphone-11-pro-battery-replacement,,,,,,,,Email me a UPS Next Day Air Label. +$20.00,,Ship my device back to me UPS Ground. FREE!,,$100 - FREE!,,0,,continue,manual,109.99,,TRUE,TRUE,,,,,,,,,lb,,
iphone-11-pro-battery-replacement,,,,,,,,Email me a UPS Ground Label. FREE!,,Ship my device back to me UPS Ground. FREE!,,$250 - +$5.00,,0,,continue,manual,94.99,,TRUE,TRUE,,,,,,,,,lb,,
iphone-11-pro-battery-replacement,,,,,,,,Email me a UPS 2nd Day Air Label. +$10.00,,Ship my device back to me UPS Ground. FREE!,,$250 - +$5.00,,0,,continue,manual,104.99,,TRUE,TRUE,,,,,,,,,lb,,
iphone-11-pro-battery-replacement,,,,,,,,Email me a UPS Next Day Air Label. +$20.00,,Ship my device back to me UPS Ground. FREE!,,$250 - +$5.00,,0,,continue,manual,114.99,,TRUE,TRUE,,,,,,,,,lb,,
iphone-11-pro-battery-replacement,,,,,,,,Email me a UPS Ground Label. FREE!,,Ship my device back to me UPS Ground. FREE!,,$500 - +$10.00,,0,,continue,manual,99.99,,TRUE,TRUE,,,,,,,,,lb,,
iphone-11-pro-battery-replacement,,,,,,,,Email me a UPS 2nd Day Air Label. +$10.00,,Ship my device back to me UPS Ground. FREE!,,$500 - +$10.00,,0,,continue,manual,109.99,,TRUE,TRUE,,,,,,,,,lb,,
iphone-11-pro-battery-replacement,,,,,,,,Email me a UPS Next Day Air Label. +$20.00,,Ship my device back to me UPS Ground. FREE!,,$500 - +$10.00,,0,,continue,manual,119.99,,TRUE,TRUE,,,,,,,,,lb,,
iphone-11-pro-battery-replacement,,,,,,,,Email me a UPS Ground Label. FREE!,,Ship my device back to me UPS Ground. FREE!,,$750 - +$15.00,,0,,continue,manual,104.99,,TRUE,TRUE,,,,,,,,,lb,,
iphone-11-pro-battery-replacement,,,,,,,,Email me a UPS 2nd Day Air Label. +$10.00,,Ship my device back to me UPS Ground. FREE!,,$750 - +$15.00,,0,,continue,manual,114.99,,TRUE,TRUE,,,,,,,,,lb,,
iphone-11-pro-battery-replacement,,,,,,,,Email me a UPS Next Day Air Label. +$20.00,,Ship my device back to me UPS Ground. FREE!,,$750 - +$15.00,,0,,continue,manual,124.99,,TRUE,TRUE,,,,,,,,,lb,,
iphone-11-pro-battery-replacement,,,,,,,,Email me a UPS Ground Label. FREE!,,Ship my device back to me UPS Ground. FREE!,,"$1,000 - +$20.00",,0,,continue,manual,109.99,,TRUE,TRUE,,,,,,,,,lb,,
iphone-11-pro-battery-replacement,,,,,,,,Email me a UPS 2nd Day Air Label. +$10.00,,Ship my device back to me UPS Ground. FREE!,,"$1,000 - +$20.00",,0,,continue,manual,119.99,,TRUE,TRUE,,,,,,,,,lb,,
iphone-11-pro-battery-replacement,,,,,,,,Email me a UPS Next Day Air Label. +$20.00,,Ship my device back to me UPS Ground. FREE!,,"$1,000 - +$20.00",,0,,continue,manual,129.99,,TRUE,TRUE,,,,,,,,,lb,,
iphone-11-pro-battery-replacement,,,,,,,,Email me a UPS Ground Label. FREE!,,Ship my device back to me UPS 2nd Day Air. +$13.50,,$100 - FREE!,,0,,continue,manual,103.49,,TRUE,TRUE,,,,,,,,,lb,,
iphone-11-pro-battery-replacement,,,,,,,,Email me a UPS 2nd Day Air Label. +$10.00,,Ship my device back to me UPS 2nd Day Air. +$13.50,,$100 - FREE!,,0,,continue,manual,113.49,,TRUE,TRUE,,,,,,,,,lb,,
iphone-11-pro-battery-replacement,,,,,,,,Email me a UPS Next Day Air Label. +$20.00,,Ship my device back to me UPS 2nd Day Air. +$13.50,,$100 - FREE!,,0,,continue,manual,123.49,,TRUE,TRUE,,,,,,,,,lb,,
iphone-11-pro-battery-replacement,,,,,,,,Email me a UPS Ground Label. FREE!,,Ship my device back to me UPS 2nd Day Air. +$13.50,,$250 - +$5.00,,0,,continue,manual,108.49,,TRUE,TRUE,,,,,,,,,lb,,
iphone-11-pro-battery-replacement,,,,,,,,Email me a UPS 2nd Day Air Label. +$10.00,,Ship my device back to me UPS 2nd Day Air. +$13.50,,$250 - +$5.00,,0,,continue,manual,118.49,,TRUE,TRUE,,,,,,,,,lb,,
iphone-11-pro-battery-replacement,,,,,,,,Email me a UPS Next Day Air Label. +$20.00,,Ship my device back to me UPS 2nd Day Air. +$13.50,,$250 - +$5.00,,0,,continue,manual,128.49,,TRUE,TRUE,,,,,,,,,lb,,
iphone-11-pro-battery-replacement,,,,,,,,Email me a UPS Ground Label. FREE!,,Ship my device back to me UPS 2nd Day Air. +$13.50,,$500 - +$10.00,,0,,continue,manual,113.49,,TRUE,TRUE,,,,,,,,,lb,,
iphone-11-pro-battery-replacement,,,,,,,,Email me a UPS 2nd Day Air Label. +$10.00,,Ship my device back to me UPS 2nd Day Air. +$13.50,,$500 - +$10.00,,0,,continue,manual,123.49,,TRUE,TRUE,,,,,,,,,lb,,
iphone-11-pro-battery-replacement,,,,,,,,Email me a UPS Next Day Air Label. +$20.00,,Ship my device back to me UPS 2nd Day Air. +$13.50,,$500 - +$10.00,,0,,continue,manual,133.49,,TRUE,TRUE,,,,,,,,,lb,,
iphone-11-pro-battery-replacement,,,,,,,,Email me a UPS Ground Label. FREE!,,Ship my device back to me UPS 2nd Day Air. +$13.50,,$750 - +$15.00,,0,,continue,manual,118.49,,TRUE,TRUE,,,,,,,,,lb,,
iphone-11-pro-battery-replacement,,,,,,,,Email me a UPS 2nd Day Air Label. +$10.00,,Ship my device back to me UPS 2nd Day Air. +$13.50,,$750 - +$15.00,,0,,continue,manual,128.49,,TRUE,TRUE,,,,,,,,,lb,,
iphone-11-pro-battery-replacement,,,,,,,,Email me a UPS Next Day Air Label. +$20.00,,Ship my device back to me UPS 2nd Day Air. +$13.50,,$750 - +$15.00,,0,,continue,manual,138.49,,TRUE,TRUE,,,,,,,,,lb,,
iphone-11-pro-battery-replacement,,,,,,,,Email me a UPS Ground Label. FREE!,,Ship my device back to me UPS 2nd Day Air. +$13.50,,"$1,000 - +$20.00",,0,,continue,manual,123.49,,TRUE,TRUE,,,,,,,,,lb,,
iphone-11-pro-battery-replacement,,,,,,,,Email me a UPS 2nd Day Air Label. +$10.00,,Ship my device back to me UPS 2nd Day Air. +$13.50,,"$1,000 - +$20.00",,0,,continue,manual,133.49,,TRUE,TRUE,,,,,,,,,lb,,
iphone-11-pro-battery-replacement,,,,,,,,Email me a UPS Next Day Air Label. +$20.00,,Ship my device back to me UPS 2nd Day Air. +$13.50,,"$1,000 - +$20.00",,0,,continue,manual,143.49,,TRUE,TRUE,,,,,,,,,lb,,
iphone-11-pro-battery-replacement,,,,,,,,Email me a UPS Ground Label. FREE!,,Ship my device back to me UPS Next Day Air. +$23.50,,$100 - FREE!,,0,,continue,manual,113.49,,TRUE,TRUE,,,,,,,,,lb,,
iphone-11-pro-battery-replacement,,,,,,,,Email me a UPS 2nd Day Air Label. +$10.00,,Ship my device back to me UPS Next Day Air. +$23.50,,$100 - FREE!,,0,,continue,manual,123.49,,TRUE,TRUE,,,,,,,,,lb,,
iphone-11-pro-battery-replacement,,,,,,,,Email me a UPS Next Day Air Label. +$20.00,,Ship my device back to me UPS Next Day Air. +$23.50,,$100 - FREE!,,0,,continue,manual,133.49,,TRUE,TRUE,,,,,,,,,lb,,
iphone-11-pro-battery-replacement,,,,,,,,Email me a UPS Ground Label. FREE!,,Ship my device back to me UPS Next Day Air. +$23.50,,$250 - +$5.00,,0,,continue,manual,118.49,,TRUE,TRUE,,,,,,,,,lb,,
iphone-11-pro-battery-replacement,,,,,,,,Email me a UPS 2nd Day Air Label. +$10.00,,Ship my device back to me UPS Next Day Air. +$23.50,,$250 - +$5.00,,0,,continue,manual,128.49,,TRUE,TRUE,,,,,,,,,lb,,
iphone-11-pro-battery-replacement,,,,,,,,Email me a UPS Next Day Air Label. +$20.00,,Ship my device back to me UPS Next Day Air. +$23.50,,$250 - +$5.00,,0,,continue,manual,138.49,,TRUE,TRUE,,,,,,,,,lb,,
iphone-11-pro-battery-replacement,,,,,,,,Email me a UPS Ground Label. FREE!,,Ship my device back to me UPS Next Day Air. +$23.50,,$500 - +$10.00,,0,,continue,manual,123.49,,TRUE,TRUE,,,,,,,,,lb,,
iphone-11-pro-battery-replacement,,,,,,,,Email me a UPS 2nd Day Air Label. +$10.00,,Ship my device back to me UPS Next Day Air. +$23.50,,$500 - +$10.00,,0,,continue,manual,133.49,,TRUE,TRUE,,,,,,,,,lb,,
iphone-11-pro-battery-replacement,,,,,,,,Email me a UPS Next Day Air Label. +$20.00,,Ship my device back to me UPS Next Day Air. +$23.50,,$500 - +$10.00,,0,,continue,manual,143.49,,TRUE,TRUE,,,,,,,,,lb,,
iphone-11-pro-battery-replacement,,,,,,,,Email me a UPS Ground Label. FREE!,,Ship my device back to me UPS Next Day Air. +$23.50,,$750 - +$15.00,,0,,continue,manual,128.49,,TRUE,TRUE,,,,,,,,,lb,,
iphone-11-pro-battery-replacement,,,,,,,,Email me a UPS 2nd Day Air Label. +$10.00,,Ship my device back to me UPS Next Day Air. +$23.50,,$750 - +$15.00,,0,,continue,manual,138.49,,TRUE,TRUE,,,,,,,,,lb,,
iphone-11-pro-battery-replacement,,,,,,,,Email me a UPS Next Day Air Label. +$20.00,,Ship my device back to me UPS Next Day Air. +$23.50,,$750 - +$15.00,,0,,continue,manual,148.49,,TRUE,TRUE,,,,,,,,,lb,,
iphone-11-pro-battery-replacement,,,,,,,,Email me a UPS Ground Label. FREE!,,Ship my device back to me UPS Next Day Air. +$23.50,,"$1,000 - +$20.00",,0,,continue,manual,133.49,,TRUE,TRUE,,,,,,,,,lb,,
iphone-11-pro-battery-replacement,,,,,,,,Email me a UPS 2nd Day Air Label. +$10.00,,Ship my device back to me UPS Next Day Air. +$23.50,,"$1,000 - +$20.00",,0,,continue,manual,143.49,,TRUE,TRUE,,,,,,,,,lb,,
iphone-11-pro-battery-replacement,,,,,,,,Email me a UPS Next Day Air Label. +$20.00,,Ship my device back to me UPS Next Day Air. +$23.50,,"$1,000 - +$20.00",,0,,continue,manual,153.49,,TRUE,TRUE,,,,,,,,,lb,,
iphone-11-pro-charging-port-repair,iPhone 11 Pro Charging Port Repair,"<h2>iPhone 11 Pro Charging Port Repair</h2><p>&nbsp;</p><p>At iFixYouri, we understand. Your iPhone 11 Pro is really important to you. When it breaks, it can really mess up your day. If you are in need of Charging Port Repair, let the professional repair technicians at iFixYouri help you out.</p> Charging port repair may be what you need if your device is charging slowly or not at all. Sometimes the battery needs replacement. Whatever the case, the professional technicians at iFixYouri can help.<p>&nbsp;</p><p>iFixYouri is here to solve your problem with Charging Port Repair for iPhone 11 Pro. With this service, we'll determine the extent of the damage, get your device repaired, and send it back to you. We'll let you know if there are any other issues affecting your device and give you the option of proceeding with those repairs.</p><p>&nbsp;</p><p>Send your iPhone 11 Pro to iFixYouri via the UPS shipping method of your choosing. Please ship your device in a sturdy, secure box. If you hear it rattling around in the box, add some more padding. Please do not include cases, cables, or accessories. Standard UPS Ground is covered by us, as well as $100 insurance. Faster shipping and extra insurance coverage can be purchased using the drop-down boxes above.</p><p>&nbsp;</p><p>Charging Port Repair repair includes a 90-day warranty that covers all but accidental damage. If you notice something off about the fit, function, or performance of your replacement part or parts, let us know right away and we will be glad to help.</p><p>&nbsp;</p><p>Questions about Charging Port Repair? Type them into the box below, and we'll get back to you as soon as possible. Alternatively, you can reach us at <a href=""tel:888-494-4349"">888-494-4349</a> or <a href=""mailto:support@ifixyouri.com"">support@ifixyouri.com</a></p>",iFixYouri,,iPhone 11 Pro Repair Services,TRUE,Inbound Shipping,Email me a UPS Ground Label. FREE!,Outbound Shipping,Ship my device back to me UPS Ground. FREE!,Insurance,$100 - FREE!,,0,,continue,manual,99.99,,TRUE,TRUE,,,,,,iPhone 11 Pro Charging Port Repair,iPhone 11 Pro Charging Port Repair performed by repair experts iFixYouri. Warranty included. Call today 888-494-4349.,,lb,,
iphone-11-pro-charging-port-repair,,,,,,,,Email me a UPS 2nd Day Air Label. +$10.00,,Ship my device back to me UPS Ground. FREE!,,$100 - FREE!,,0,,continue,manual,109.99,,TRUE,TRUE,,,,,,,,,lb,,
iphone-11-pro-charging-port-repair,,,,,,,,Email me a UPS Next Day Air Label. +$20.00,,Ship my device back to me UPS Ground. FREE!,,$100 - FREE!,,0,,continue,manual,119.99,,TRUE,TRUE,,,,,,,,,lb,,
iphone-11-pro-charging-port-repair,,,,,,,,Email me a UPS Ground Label. FREE!,,Ship my device back to me UPS Ground. FREE!,,$250 - +$5.00,,0,,continue,manual,104.99,,TRUE,TRUE,,,,,,,,,lb,,
iphone-11-pro-charging-port-repair,,,,,,,,Email me a UPS 2nd Day Air Label. +$10.00,,Ship my device back to me UPS Ground. FREE!,,$250 - +$5.00,,0,,continue,manual,114.99,,TRUE,TRUE,,,,,,,,,lb,,
iphone-11-pro-charging-port-repair,,,,,,,,Email me a UPS Next Day Air Label. +$20.00,,Ship my device back to me UPS Ground. FREE!,,$250 - +$5.00,,0,,continue,manual,124.99,,TRUE,TRUE,,,,,,,,,lb,,
iphone-11-pro-charging-port-repair,,,,,,,,Email me a UPS Ground Label. FREE!,,Ship my device back to me UPS Ground. FREE!,,$500 - +$10.00,,0,,continue,manual,109.99,,TRUE,TRUE,,,,,,,,,lb,,
iphone-11-pro-charging-port-repair,,,,,,,,Email me a UPS 2nd Day Air Label. +$10.00,,Ship my device back to me UPS Ground. FREE!,,$500 - +$10.00,,0,,continue,manual,119.99,,TRUE,TRUE,,,,,,,,,lb,,
iphone-11-pro-charging-port-repair,,,,,,,,Email me a UPS Next Day Air Label. +$20.00,,Ship my device back to me UPS Ground. FREE!,,$500 - +$10.00,,0,,continue,manual,129.99,,TRUE,TRUE,,,,,,,,,lb,,
iphone-11-pro-charging-port-repair,,,,,,,,Email me a UPS Ground Label. FREE!,,Ship my device back to me UPS Ground. FREE!,,$750 - +$15.00,,0,,continue,manual,114.99,,TRUE,TRUE,,,,,,,,,lb,,
iphone-11-pro-charging-port-repair,,,,,,,,Email me a UPS 2nd Day Air Label. +$10.00,,Ship my device back to me UPS Ground. FREE!,,$750 - +$15.00,,0,,continue,manual,124.99,,TRUE,TRUE,,,,,,,,,lb,,
iphone-11-pro-charging-port-repair,,,,,,,,Email me a UPS Next Day Air Label. +$20.00,,Ship my device back to me UPS Ground. FREE!,,$750 - +$15.00,,0,,continue,manual,134.99,,TRUE,TRUE,,,,,,,,,lb,,
iphone-11-pro-charging-port-repair,,,,,,,,Email me a UPS Ground Label. FREE!,,Ship my device back to me UPS Ground. FREE!,,"$1,000 - +$20.00",,0,,continue,manual,119.99,,TRUE,TRUE,,,,,,,,,lb,,
iphone-11-pro-charging-port-repair,,,,,,,,Email me a UPS 2nd Day Air Label. +$10.00,,Ship my device back to me UPS Ground. FREE!,,"$1,000 - +$20.00",,0,,continue,manual,129.99,,TRUE,TRUE,,,,,,,,,lb,,
iphone-11-pro-charging-port-repair,,,,,,,,Email me a UPS Next Day Air Label. +$20.00,,Ship my device back to me UPS Ground. FREE!,,"$1,000 - +$20.00",,0,,continue,manual,139.99,,TRUE,TRUE,,,,,,,,,lb,,
iphone-11-pro-charging-port-repair,,,,,,,,Email me a UPS Ground Label. FREE!,,Ship my device back to me UPS 2nd Day Air. +$13.50,,$100 - FREE!,,0,,continue,manual,113.49,,TRUE,TRUE,,,,,,,,,lb,,
iphone-11-pro-charging-port-repair,,,,,,,,Email me a UPS 2nd Day Air Label. +$10.00,,Ship my device back to me UPS 2nd Day Air. +$13.50,,$100 - FREE!,,0,,continue,manual,123.49,,TRUE,TRUE,,,,,,,,,lb,,
iphone-11-pro-charging-port-repair,,,,,,,,Email me a UPS Next Day Air Label. +$20.00,,Ship my device back to me UPS 2nd Day Air. +$13.50,,$100 - FREE!,,0,,continue,manual,133.49,,TRUE,TRUE,,,,,,,,,lb,,
iphone-11-pro-charging-port-repair,,,,,,,,Email me a UPS Ground Label. FREE!,,Ship my device back to me UPS 2nd Day Air. +$13.50,,$250 - +$5.00,,0,,continue,manual,118.49,,TRUE,TRUE,,,,,,,,,lb,,
iphone-11-pro-charging-port-repair,,,,,,,,Email me a UPS 2nd Day Air Label. +$10.00,,Ship my device back to me UPS 2nd Day Air. +$13.50,,$250 - +$5.00,,0,,continue,manual,128.49,,TRUE,TRUE,,,,,,,,,lb,,
iphone-11-pro-charging-port-repair,,,,,,,,Email me a UPS Next Day Air Label. +$20.00,,Ship my device back to me UPS 2nd Day Air. +$13.50,,$250 - +$5.00,,0,,continue,manual,138.49,,TRUE,TRUE,,,,,,,,,lb,,
iphone-11-pro-charging-port-repair,,,,,,,,Email me a UPS Ground Label. FREE!,,Ship my device back to me UPS 2nd Day Air. +$13.50,,$500 - +$10.00,,0,,continue,manual,123.49,,TRUE,TRUE,,,,,,,,,lb,,
iphone-11-pro-charging-port-repair,,,,,,,,Email me a UPS 2nd Day Air Label. +$10.00,,Ship my device back to me UPS 2nd Day Air. +$13.50,,$500 - +$10.00,,0,,continue,manual,133.49,,TRUE,TRUE,,,,,,,,,lb,,
iphone-11-pro-charging-port-repair,,,,,,,,Email me a UPS Next Day Air Label. +$20.00,,Ship my device back to me UPS 2nd Day Air. +$13.50,,$500 - +$10.00,,0,,continue,manual,143.49,,TRUE,TRUE,,,,,,,,,lb,,
iphone-11-pro-charging-port-repair,,,,,,,,Email me a UPS Ground Label. FREE!,,Ship my device back to me UPS 2nd Day Air. +$13.50,,$750 - +$15.00,,0,,continue,manual,128.49,,TRUE,TRUE,,,,,,,,,lb,,
iphone-11-pro-charging-port-repair,,,,,,,,Email me a UPS 2nd Day Air Label. +$10.00,,Ship my device back to me UPS 2nd Day Air. +$13.50,,$750 - +$15.00,,0,,continue,manual,138.49,,TRUE,TRUE,,,,,,,,,lb,,
iphone-11-pro-charging-port-repair,,,,,,,,Email me a UPS Next Day Air Label. +$20.00,,Ship my device back to me UPS 2nd Day Air. +$13.50,,$750 - +$15.00,,0,,continue,manual,148.49,,TRUE,TRUE,,,,,,,,,lb,,
iphone-11-pro-charging-port-repair,,,,,,,,Email me a UPS Ground Label. FREE!,,Ship my device back to me UPS 2nd Day Air. +$13.50,,"$1,000 - +$20.00",,0,,continue,manual,133.49,,TRUE,TRUE,,,,,,,,,lb,,
iphone-11-pro-charging-port-repair,,,,,,,,Email me a UPS 2nd Day Air Label. +$10.00,,Ship my device back to me UPS 2nd Day Air. +$13.50,,"$1,000 - +$20.00",,0,,continue,manual,143.49,,TRUE,TRUE,,,,,,,,,lb,,
iphone-11-pro-charging-port-repair,,,,,,,,Email me a UPS Next Day Air Label. +$20.00,,Ship my device back to me UPS 2nd Day Air. +$13.50,,"$1,000 - +$20.00",,0,,continue,manual,153.49,,TRUE,TRUE,,,,,,,,,lb,,
iphone-11-pro-charging-port-repair,,,,,,,,Email me a UPS Ground Label. FREE!,,Ship my device back to me UPS Next Day Air. +$23.50,,$100 - FREE!,,0,,continue,manual,123.49,,TRUE,TRUE,,,,,,,,,lb,,
iphone-11-pro-charging-port-repair,,,,,,,,Email me a UPS 2nd Day Air Label. +$10.00,,Ship my device back to me UPS Next Day Air. +$23.50,,$100 - FREE!,,0,,continue,manual,133.49,,TRUE,TRUE,,,,,,,,,lb,,
iphone-11-pro-charging-port-repair,,,,,,,,Email me a UPS Next Day Air Label. +$20.00,,Ship my device back to me UPS Next Day Air. +$23.50,,$100 - FREE!,,0,,continue,manual,143.49,,TRUE,TRUE,,,,,,,,,lb,,
iphone-11-pro-charging-port-repair,,,,,,,,Email me a UPS Ground Label. FREE!,,Ship my device back to me UPS Next Day Air. +$23.50,,$250 - +$5.00,,0,,continue,manual,128.49,,TRUE,TRUE,,,,,,,,,lb,,
iphone-11-pro-charging-port-repair,,,,,,,,Email me a UPS 2nd Day Air Label. +$10.00,,Ship my device back to me UPS Next Day Air. +$23.50,,$250 - +$5.00,,0,,continue,manual,138.49,,TRUE,TRUE,,,,,,,,,lb,,
iphone-11-pro-charging-port-repair,,,,,,,,Email me a UPS Next Day Air Label. +$20.00,,Ship my device back to me UPS Next Day Air. +$23.50,,$250 - +$5.00,,0,,continue,manual,148.49,,TRUE,TRUE,,,,,,,,,lb,,
iphone-11-pro-charging-port-repair,,,,,,,,Email me a UPS Ground Label. FREE!,,Ship my device back to me UPS Next Day Air. +$23.50,,$500 - +$10.00,,0,,continue,manual,133.49,,TRUE,TRUE,,,,,,,,,lb,,
iphone-11-pro-charging-port-repair,,,,,,,,Email me a UPS 2nd Day Air Label. +$10.00,,Ship my device back to me UPS Next Day Air. +$23.50,,$500 - +$10.00,,0,,continue,manual,143.49,,TRUE,TRUE,,,,,,,,,lb,,
iphone-11-pro-charging-port-repair,,,,,,,,Email me a UPS Next Day Air Label. +$20.00,,Ship my device back to me UPS Next Day Air. +$23.50,,$500 - +$10.00,,0,,continue,manual,153.49,,TRUE,TRUE,,,,,,,,,lb,,
iphone-11-pro-charging-port-repair,,,,,,,,Email me a UPS Ground Label. FREE!,,Ship my device back to me UPS Next Day Air. +$23.50,,$750 - +$15.00,,0,,continue,manual,138.49,,TRUE,TRUE,,,,,,,,,lb,,
iphone-11-pro-charging-port-repair,,,,,,,,Email me a UPS 2nd Day Air Label. +$10.00,,Ship my device back to me UPS Next Day Air. +$23.50,,$750 - +$15.00,,0,,continue,manual,148.49,,TRUE,TRUE,,,,,,,,,lb,,
iphone-11-pro-charging-port-repair,,,,,,,,Email me a UPS Next Day Air Label. +$20.00,,Ship my device back to me UPS Next Day Air. +$23.50,,$750 - +$15.00,,0,,continue,manual,158.49,,TRUE,TRUE,,,,,,,,,lb,,
iphone-11-pro-charging-port-repair,,,,,,,,Email me a UPS Ground Label. FREE!,,Ship my device back to me UPS Next Day Air. +$23.50,,"$1,000 - +$20.00",,0,,continue,manual,143.49,,TRUE,TRUE,,,,,,,,,lb,,
iphone-11-pro-charging-port-repair,,,,,,,,Email me a UPS 2nd Day Air Label. +$10.00,,Ship my device back to me UPS Next Day Air. +$23.50,,"$1,000 - +$20.00",,0,,continue,manual,153.49,,TRUE,TRUE,,,,,,,,,lb,,
iphone-11-pro-charging-port-repair,,,,,,,,Email me a UPS Next Day Air Label. +$20.00,,Ship my device back to me UPS Next Day Air. +$23.50,,"$1,000 - +$20.00",,0,,continue,manual,163.49,,TRUE,TRUE,,,,,,,,,lb,,
iphone-11-pro-front-camera-repair,iPhone 11 Pro Front Camera Repair,"<h2>iPhone 11 Pro Front Camera Repair</h2><p>&nbsp;</p><p>We recommend not trying Front Camera Repair yourself. Devices have become more and more sophisticated and you may cause more damage. Using the supplied shipping label, send your iPhone 11 Pro to iFixYouri's mail-in center so our skilled repair technicians can inspect your device, pinpoint all/any issues affecting it, and get them repaired the professional way.</p><p>&nbsp;</p><p>Every repair service begins with a series of diagnostic tests to determine what the issue is. Our technicians use their repair experience to quickly diagnose the problem. In most cases, repairs are minimal; however, if we see that your iPhone 11 Pro has additional damage, we'll contact you before proceeding.</p><p>&nbsp;</p><p>Faster shipping options and extra insurance protection are available for purchase if you'd like. Simply choose from the drop-downs before adding to your shopping cart. When packaging your device, use a sturdy, secure box. You do not need to ship us your cases, cables, or accessories.</p><p>&nbsp;</p><p>Front Camera Repair repair includes a 90-day warranty that covers all but accidental damage. If you notice something off about the fit, function, or performance of your replacement part or parts, let us know right away and we will be glad to help.</p><p>&nbsp;</p><p>iFixYouri can be reached at <a href=""tel:888-494-4349"">888-494-4349</a> or <a href=""mailto:support@ifixyouri.com"">support@ifixyouri.com</a>. Get your iPhone 11 Pro working like new with the help of experienced technicians who do the job right the first time, and save yourself a lot of money and hassle.</p>",iFixYouri,,iPhone 11 Pro Repair Services,TRUE,Inbound Shipping,Email me a UPS Ground Label. FREE!,Outbound Shipping,Ship my device back to me UPS Ground. FREE!,Insurance,$100 - FREE!,,0,,continue,manual,129.99,,TRUE,TRUE,,,,,,iPhone 11 Pro Front Camera Repair,iPhone 11 Pro Front Camera Repair performed by repair experts iFixYouri. Warranty included. Call today 888-494-4349.,,lb,,
iphone-11-pro-front-camera-repair,,,,,,,,Email me a UPS 2nd Day Air Label. +$10.00,,Ship my device back to me UPS Ground. FREE!,,$100 - FREE!,,0,,continue,manual,139.99,,TRUE,TRUE,,,,,,,,,lb,,
iphone-11-pro-front-camera-repair,,,,,,,,Email me a UPS Next Day Air Label. +$20.00,,Ship my device back to me UPS Ground. FREE!,,$100 - FREE!,,0,,continue,manual,149.99,,TRUE,TRUE,,,,,,,,,lb,,
iphone-11-pro-front-camera-repair,,,,,,,,Email me a UPS Ground Label. FREE!,,Ship my device back to me UPS Ground. FREE!,,$250 - +$5.00,,0,,continue,manual,134.99,,TRUE,TRUE,,,,,,,,,lb,,
iphone-11-pro-front-camera-repair,,,,,,,,Email me a UPS 2nd Day Air Label. +$10.00,,Ship my device back to me UPS Ground. FREE!,,$250 - +$5.00,,0,,continue,manual,144.99,,TRUE,TRUE,,,,,,,,,lb,,
iphone-11-pro-front-camera-repair,,,,,,,,Email me a UPS Next Day Air Label. +$20.00,,Ship my device back to me UPS Ground. FREE!,,$250 - +$5.00,,0,,continue,manual,154.99,,TRUE,TRUE,,,,,,,,,lb,,
iphone-11-pro-front-camera-repair,,,,,,,,Email me a UPS Ground Label. FREE!,,Ship my device back to me UPS Ground. FREE!,,$500 - +$10.00,,0,,continue,manual,139.99,,TRUE,TRUE,,,,,,,,,lb,,
iphone-11-pro-front-camera-repair,,,,,,,,Email me a UPS 2nd Day Air Label. +$10.00,,Ship my device back to me UPS Ground. FREE!,,$500 - +$10.00,,0,,continue,manual,149.99,,TRUE,TRUE,,,,,,,,,lb,,
iphone-11-pro-front-camera-repair,,,,,,,,Email me a UPS Next Day Air Label. +$20.00,,Ship my device back to me UPS Ground. FREE!,,$500 - +$10.00,,0,,continue,manual,159.99,,TRUE,TRUE,,,,,,,,,lb,,
iphone-11-pro-front-camera-repair,,,,,,,,Email me a UPS Ground Label. FREE!,,Ship my device back to me UPS Ground. FREE!,,$750 - +$15.00,,0,,continue,manual,144.99,,TRUE,TRUE,,,,,,,,,lb,,
iphone-11-pro-front-camera-repair,,,,,,,,Email me a UPS 2nd Day Air Label. +$10.00,,Ship my device back to me UPS Ground. FREE!,,$750 - +$15.00,,0,,continue,manual,154.99,,TRUE,TRUE,,,,,,,,,lb,,
iphone-11-pro-front-camera-repair,,,,,,,,Email me a UPS Next Day Air Label. +$20.00,,Ship my device back to me UPS Ground. FREE!,,$750 - +$15.00,,0,,continue,manual,164.99,,TRUE,TRUE,,,,,,,,,lb,,
iphone-11-pro-front-camera-repair,,,,,,,,Email me a UPS Ground Label. FREE!,,Ship my device back to me UPS Ground. FREE!,,"$1,000 - +$20.00",,0,,continue,manual,149.99,,TRUE,TRUE,,,,,,,,,lb,,
iphone-11-pro-front-camera-repair,,,,,,,,Email me a UPS 2nd Day Air Label. +$10.00,,Ship my device back to me UPS Ground. FREE!,,"$1,000 - +$20.00",,0,,continue,manual,159.99,,TRUE,TRUE,,,,,,,,,lb,,
iphone-11-pro-front-camera-repair,,,,,,,,Email me a UPS Next Day Air Label. +$20.00,,Ship my device back to me UPS Ground. FREE!,,"$1,000 - +$20.00",,0,,continue,manual,169.99,,TRUE,TRUE,,,,,,,,,lb,,
iphone-11-pro-front-camera-repair,,,,,,,,Email me a UPS Ground Label. FREE!,,Ship my device back to me UPS 2nd Day Air. +$13.50,,$100 - FREE!,,0,,continue,manual,143.49,,TRUE,TRUE,,,,,,,,,lb,,
iphone-11-pro-front-camera-repair,,,,,,,,Email me a UPS 2nd Day Air Label. +$10.00,,Ship my device back to me UPS 2nd Day Air. +$13.50,,$100 - FREE!,,0,,continue,manual,153.49,,TRUE,TRUE,,,,,,,,,lb,,
iphone-11-pro-front-camera-repair,,,,,,,,Email me a UPS Next Day Air Label. +$20.00,,Ship my device back to me UPS 2nd Day Air. +$13.50,,$100 - FREE!,,0,,continue,manual,163.49,,TRUE,TRUE,,,,,,,,,lb,,
iphone-11-pro-front-camera-repair,,,,,,,,Email me a UPS Ground Label. FREE!,,Ship my device back to me UPS 2nd Day Air. +$13.50,,$250 - +$5.00,,0,,continue,manual,148.49,,TRUE,TRUE,,,,,,,,,lb,,
iphone-11-pro-front-camera-repair,,,,,,,,Email me a UPS 2nd Day Air Label. +$10.00,,Ship my device back to me UPS 2nd Day Air. +$13.50,,$250 - +$5.00,,0,,continue,manual,158.49,,TRUE,TRUE,,,,,,,,,lb,,
iphone-11-pro-front-camera-repair,,,,,,,,Email me a UPS Next Day Air Label. +$20.00,,Ship my device back to me UPS 2nd Day Air. +$13.50,,$250 - +$5.00,,0,,continue,manual,168.49,,TRUE,TRUE,,,,,,,,,lb,,
iphone-11-pro-front-camera-repair,,,,,,,,Email me a UPS Ground Label. FREE!,,Ship my device back to me UPS 2nd Day Air. +$13.50,,$500 - +$10.00,,0,,continue,manual,153.49,,TRUE,TRUE,,,,,,,,,lb,,
iphone-11-pro-front-camera-repair,,,,,,,,Email me a UPS 2nd Day Air Label. +$10.00,,Ship my device back to me UPS 2nd Day Air. +$13.50,,$500 - +$10.00,,0,,continue,manual,163.49,,TRUE,TRUE,,,,,,,,,lb,,
iphone-11-pro-front-camera-repair,,,,,,,,Email me a UPS Next Day Air Label. +$20.00,,Ship my device back to me UPS 2nd Day Air. +$13.50,,$500 - +$10.00,,0,,continue,manual,173.49,,TRUE,TRUE,,,,,,,,,lb,,
iphone-11-pro-front-camera-repair,,,,,,,,Email me a UPS Ground Label. FREE!,,Ship my device back to me UPS 2nd Day Air. +$13.50,,$750 - +$15.00,,0,,continue,manual,158.49,,TRUE,TRUE,,,,,,,,,lb,,
iphone-11-pro-front-camera-repair,,,,,,,,Email me a UPS 2nd Day Air Label. +$10.00,,Ship my device back to me UPS 2nd Day Air. +$13.50,,$750 - +$15.00,,0,,continue,manual,168.49,,TRUE,TRUE,,,,,,,,,lb,,
iphone-11-pro-front-camera-repair,,,,,,,,Email me a UPS Next Day Air Label. +$20.00,,Ship my device back to me UPS 2nd Day Air. +$13.50,,$750 - +$15.00,,0,,continue,manual,178.49,,TRUE,TRUE,,,,,,,,,lb,,
iphone-11-pro-front-camera-repair,,,,,,,,Email me a UPS Ground Label. FREE!,,Ship my device back to me UPS 2nd Day Air. +$13.50,,"$1,000 - +$20.00",,0,,continue,manual,163.49,,TRUE,TRUE,,,,,,,,,lb,,
iphone-11-pro-front-camera-repair,,,,,,,,Email me a UPS 2nd Day Air Label. +$10.00,,Ship my device back to me UPS 2nd Day Air. +$13.50,,"$1,000 - +$20.00",,0,,continue,manual,173.49,,TRUE,TRUE,,,,,,,,,lb,,
iphone-11-pro-front-camera-repair,,,,,,,,Email me a UPS Next Day Air Label. +$20.00,,Ship my device back to me UPS 2nd Day Air. +$13.50,,"$1,000 - +$20.00",,0,,continue,manual,183.49,,TRUE,TRUE,,,,,,,,,lb,,
iphone-11-pro-front-camera-repair,,,,,,,,Email me a UPS Ground Label. FREE!,,Ship my device back to me UPS Next Day Air. +$23.50,,$100 - FREE!,,0,,continue,manual,153.49,,TRUE,TRUE,,,,,,,,,lb,,
iphone-11-pro-front-camera-repair,,,,,,,,Email me a UPS 2nd Day Air Label. +$10.00,,Ship my device back to me UPS Next Day Air. +$23.50,,$100 - FREE!,,0,,continue,manual,163.49,,TRUE,TRUE,,,,,,,,,lb,,
iphone-11-pro-front-camera-repair,,,,,,,,Email me a UPS Next Day Air Label. +$20.00,,Ship my device back to me UPS Next Day Air. +$23.50,,$100 - FREE!,,0,,continue,manual,173.49,,TRUE,TRUE,,,,,,,,,lb,,
iphone-11-pro-front-camera-repair,,,,,,,,Email me a UPS Ground Label. FREE!,,Ship my device back to me UPS Next Day Air. +$23.50,,$250 - +$5.00,,0,,continue,manual,158.49,,TRUE,TRUE,,,,,,,,,lb,,
iphone-11-pro-front-camera-repair,,,,,,,,Email me a UPS 2nd Day Air Label. +$10.00,,Ship my device back to me UPS Next Day Air. +$23.50,,$250 - +$5.00,,0,,continue,manual,168.49,,TRUE,TRUE,,,,,,,,,lb,,
iphone-11-pro-front-camera-repair,,,,,,,,Email me a UPS Next Day Air Label. +$20.00,,Ship my device back to me UPS Next Day Air. +$23.50,,$250 - +$5.00,,0,,continue,manual,178.49,,TRUE,TRUE,,,,,,,,,lb,,
iphone-11-pro-front-camera-repair,,,,,,,,Email me a UPS Ground Label. FREE!,,Ship my device back to me UPS Next Day Air. +$23.50,,$500 - +$10.00,,0,,continue,manual,163.49,,TRUE,TRUE,,,,,,,,,lb,,
iphone-11-pro-front-camera-repair,,,,,,,,Email me a UPS 2nd Day Air Label. +$10.00,,Ship my device back to me UPS Next Day Air. +$23.50,,$500 - +$10.00,,0,,continue,manual,173.49,,TRUE,TRUE,,,,,,,,,lb,,
iphone-11-pro-front-camera-repair,,,,,,,,Email me a UPS Next Day Air Label. +$20.00,,Ship my device back to me UPS Next Day Air. +$23.50,,$500 - +$10.00,,0,,continue,manual,183.49,,TRUE,TRUE,,,,,,,,,lb,,
iphone-11-pro-front-camera-repair,,,,,,,,Email me a UPS Ground Label. FREE!,,Ship my device back to me UPS Next Day Air. +$23.50,,$750 - +$15.00,,0,,continue,manual,168.49,,TRUE,TRUE,,,,,,,,,lb,,
iphone-11-pro-front-camera-repair,,,,,,,,Email me a UPS 2nd Day Air Label. +$10.00,,Ship my device back to me UPS Next Day Air. +$23.50,,$750 - +$15.00,,0,,continue,manual,178.49,,TRUE,TRUE,,,,,,,,,lb,,
iphone-11-pro-front-camera-repair,,,,,,,,Email me a UPS Next Day Air Label. +$20.00,,Ship my device back to me UPS Next Day Air. +$23.50,,$750 - +$15.00,,0,,continue,manual,188.49,,TRUE,TRUE,,,,,,,,,lb,,
iphone-11-pro-front-camera-repair,,,,,,,,Email me a UPS Ground Label. FREE!,,Ship my device back to me UPS Next Day Air. +$23.50,,"$1,000 - +$20.00",,0,,continue,manual,173.49,,TRUE,TRUE,,,,,,,,,lb,,
iphone-11-pro-front-camera-repair,,,,,,,,Email me a UPS 2nd Day Air Label. +$10.00,,Ship my device back to me UPS Next Day Air. +$23.50,,"$1,000 - +$20.00",,0,,continue,manual,183.49,,TRUE,TRUE,,,,,,,,,lb,,
iphone-11-pro-front-camera-repair,,,,,,,,Email me a UPS Next Day Air Label. +$20.00,,Ship my device back to me UPS Next Day Air. +$23.50,,"$1,000 - +$20.00",,0,,continue,manual,193.49,,TRUE,TRUE,,,,,,,,,lb,,
iphone-11-pro-loud-speaker-repair,iPhone 11 Pro Loud Speaker Repair,"<h2>iPhone 11 Pro Loud Speaker Repair</h2><p>&nbsp;</p><p>We recommend not trying Loud Speaker Repair yourself. Devices have become more and more sophisticated and you may cause more damage. Using the supplied shipping label, send your iPhone 11 Pro to iFixYouri's mail-in center so our skilled repair technicians can inspect your device, pinpoint all/any issues affecting it, and get them repaired the professional way.</p><p>&nbsp;</p><p>After checkout, you'll receive an email confirmation and shipping label. When your phone arrives at our repair center, we do diagnostic tests to determine if any other issues are at play. Outgoing testing ensures that your iPhone 11 Pro is fully functional. With the repairs complete, we send you a tracking number and ship your iPhone 11 Pro back to you!</p><p>&nbsp;</p><p>Faster shipping options and extra insurance protection are available for purchase if you'd like. Simply choose from the drop-downs before adding to your shopping cart. When packaging your device, use a sturdy, secure box. You do not need to ship us your cases, cables, or accessories.</p><p>&nbsp;</p><p>A 90-day warranty that covers all but accidental damage is included. Contact customer service with any questions at <a href=""tel:888-494-4349"">888-494-4349</a> or <a href=""mailto:support@ifixyouri.com"">support@ifixyouri.com</a>.</p><p>&nbsp;</p><p>Questions about Loud Speaker Repair? Type them into the box below, and we'll get back to you as soon as possible. Alternatively, you can reach us at <a href=""tel:888-494-4349"">888-494-4349</a> or <a href=""mailto:support@ifixyouri.com"">support@ifixyouri.com</a></p>",iFixYouri,,iPhone 11 Pro Repair Services,TRUE,Inbound Shipping,Email me a UPS Ground Label. FREE!,Outbound Shipping,Ship my device back to me UPS Ground. FREE!,Insurance,$100 - FREE!,,0,,continue,manual,79.99,,TRUE,TRUE,,,,,,iPhone 11 Pro Loud Speaker Repair,iPhone 11 Pro Loud Speaker Repair performed by repair experts iFixYouri. Warranty included. Call today 888-494-4349.,,lb,,
iphone-11-pro-loud-speaker-repair,,,,,,,,Email me a UPS 2nd Day Air Label. +$10.00,,Ship my device back to me UPS Ground. FREE!,,$100 - FREE!,,0,,continue,manual,89.99,,TRUE,TRUE,,,,,,,,,lb,,
iphone-11-pro-loud-speaker-repair,,,,,,,,Email me a UPS Next Day Air Label. +$20.00,,Ship my device back to me UPS Ground. FREE!,,$100 - FREE!,,0,,continue,manual,99.99,,TRUE,TRUE,,,,,,,,,lb,,
iphone-11-pro-loud-speaker-repair,,,,,,,,Email me a UPS Ground Label. FREE!,,Ship my device back to me UPS Ground. FREE!,,$250 - +$5.00,,0,,continue,manual,84.99,,TRUE,TRUE,,,,,,,,,lb,,
iphone-11-pro-loud-speaker-repair,,,,,,,,Email me a UPS 2nd Day Air Label. +$10.00,,Ship my device back to me UPS Ground. FREE!,,$250 - +$5.00,,0,,continue,manual,94.99,,TRUE,TRUE,,,,,,,,,lb,,
iphone-11-pro-loud-speaker-repair,,,,,,,,Email me a UPS Next Day Air Label. +$20.00,,Ship my device back to me UPS Ground. FREE!,,$250 - +$5.00,,0,,continue,manual,104.99,,TRUE,TRUE,,,,,,,,,lb,,
iphone-11-pro-loud-speaker-repair,,,,,,,,Email me a UPS Ground Label. FREE!,,Ship my device back to me UPS Ground. FREE!,,$500 - +$10.00,,0,,continue,manual,89.99,,TRUE,TRUE,,,,,,,,,lb,,
iphone-11-pro-loud-speaker-repair,,,,,,,,Email me a UPS 2nd Day Air Label. +$10.00,,Ship my device back to me UPS Ground. FREE!,,$500 - +$10.00,,0,,continue,manual,99.99,,TRUE,TRUE,,,,,,,,,lb,,
iphone-11-pro-loud-speaker-repair,,,,,,,,Email me a UPS Next Day Air Label. +$20.00,,Ship my device back to me UPS Ground. FREE!,,$500 - +$10.00,,0,,continue,manual,109.99,,TRUE,TRUE,,,,,,,,,lb,,
iphone-11-pro-loud-speaker-repair,,,,,,,,Email me a UPS Ground Label. FREE!,,Ship my device back to me UPS Ground. FREE!,,$750 - +$15.00,,0,,continue,manual,94.99,,TRUE,TRUE,,,,,,,,,lb,,
iphone-11-pro-loud-speaker-repair,,,,,,,,Email me a UPS 2nd Day Air Label. +$10.00,,Ship my device back to me UPS Ground. FREE!,,$750 - +$15.00,,0,,continue,manual,104.99,,TRUE,TRUE,,,,,,,,,lb,,
iphone-11-pro-loud-speaker-repair,,,,,,,,Email me a UPS Next Day Air Label. +$20.00,,Ship my device back to me UPS Ground. FREE!,,$750 - +$15.00,,0,,continue,manual,114.99,,TRUE,TRUE,,,,,,,,,lb,,
iphone-11-pro-loud-speaker-repair,,,,,,,,Email me a UPS Ground Label. FREE!,,Ship my device back to me UPS Ground. FREE!,,"$1,000 - +$20.00",,0,,continue,manual,99.99,,TRUE,TRUE,,,,,,,,,lb,,
iphone-11-pro-loud-speaker-repair,,,,,,,,Email me a UPS 2nd Day Air Label. +$10.00,,Ship my device back to me UPS Ground. FREE!,,"$1,000 - +$20.00",,0,,continue,manual,109.99,,TRUE,TRUE,,,,,,,,,lb,,
iphone-11-pro-loud-speaker-repair,,,,,,,,Email me a UPS Next Day Air Label. +$20.00,,Ship my device back to me UPS Ground. FREE!,,"$1,000 - +$20.00",,0,,continue,manual,119.99,,TRUE,TRUE,,,,,,,,,lb,,
iphone-11-pro-loud-speaker-repair,,,,,,,,Email me a UPS Ground Label. FREE!,,Ship my device back to me UPS 2nd Day Air. +$13.50,,$100 - FREE!,,0,,continue,manual,93.49,,TRUE,TRUE,,,,,,,,,lb,,
iphone-11-pro-loud-speaker-repair,,,,,,,,Email me a UPS 2nd Day Air Label. +$10.00,,Ship my device back to me UPS 2nd Day Air. +$13.50,,$100 - FREE!,,0,,continue,manual,103.49,,TRUE,TRUE,,,,,,,,,lb,,
iphone-11-pro-loud-speaker-repair,,,,,,,,Email me a UPS Next Day Air Label. +$20.00,,Ship my device back to me UPS 2nd Day Air. +$13.50,,$100 - FREE!,,0,,continue,manual,113.49,,TRUE,TRUE,,,,,,,,,lb,,
iphone-11-pro-loud-speaker-repair,,,,,,,,Email me a UPS Ground Label. FREE!,,Ship my device back to me UPS 2nd Day Air. +$13.50,,$250 - +$5.00,,0,,continue,manual,98.49,,TRUE,TRUE,,,,,,,,,lb,,
iphone-11-pro-loud-speaker-repair,,,,,,,,Email me a UPS 2nd Day Air Label. +$10.00,,Ship my device back to me UPS 2nd Day Air. +$13.50,,$250 - +$5.00,,0,,continue,manual,108.49,,TRUE,TRUE,,,,,,,,,lb,,
iphone-11-pro-loud-speaker-repair,,,,,,,,Email me a UPS Next Day Air Label. +$20.00,,Ship my device back to me UPS 2nd Day Air. +$13.50,,$250 - +$5.00,,0,,continue,manual,118.49,,TRUE,TRUE,,,,,,,,,lb,,
iphone-11-pro-loud-speaker-repair,,,,,,,,Email me a UPS Ground Label. FREE!,,Ship my device back to me UPS 2nd Day Air. +$13.50,,$500 - +$10.00,,0,,continue,manual,103.49,,TRUE,TRUE,,,,,,,,,lb,,
iphone-11-pro-loud-speaker-repair,,,,,,,,Email me a UPS 2nd Day Air Label. +$10.00,,Ship my device back to me UPS 2nd Day Air. +$13.50,,$500 - +$10.00,,0,,continue,manual,113.49,,TRUE,TRUE,,,,,,,,,lb,,
iphone-11-pro-loud-speaker-repair,,,,,,,,Email me a UPS Next Day Air Label. +$20.00,,Ship my device back to me UPS 2nd Day Air. +$13.50,,$500 - +$10.00,,0,,continue,manual,123.49,,TRUE,TRUE,,,,,,,,,lb,,
iphone-11-pro-loud-speaker-repair,,,,,,,,Email me a UPS Ground Label. FREE!,,Ship my device back to me UPS 2nd Day Air. +$13.50,,$750 - +$15.00,,0,,continue,manual,108.49,,TRUE,TRUE,,,,,,,,,lb,,
iphone-11-pro-loud-speaker-repair,,,,,,,,Email me a UPS 2nd Day Air Label. +$10.00,,Ship my device back to me UPS 2nd Day Air. +$13.50,,$750 - +$15.00,,0,,continue,manual,118.49,,TRUE,TRUE,,,,,,,,,lb,,
iphone-11-pro-loud-speaker-repair,,,,,,,,Email me a UPS Next Day Air Label. +$20.00,,Ship my device back to me UPS 2nd Day Air. +$13.50,,$750 - +$15.00,,0,,continue,manual,128.49,,TRUE,TRUE,,,,,,,,,lb,,
iphone-11-pro-loud-speaker-repair,,,,,,,,Email me a UPS Ground Label. FREE!,,Ship my device back to me UPS 2nd Day Air. +$13.50,,"$1,000 - +$20.00",,0,,continue,manual,113.49,,TRUE,TRUE,,,,,,,,,lb,,
iphone-11-pro-loud-speaker-repair,,,,,,,,Email me a UPS 2nd Day Air Label. +$10.00,,Ship my device back to me UPS 2nd Day Air. +$13.50,,"$1,000 - +$20.00",,0,,continue,manual,123.49,,TRUE,TRUE,,,,,,,,,lb,,
iphone-11-pro-loud-speaker-repair,,,,,,,,Email me a UPS Next Day Air Label. +$20.00,,Ship my device back to me UPS 2nd Day Air. +$13.50,,"$1,000 - +$20.00",,0,,continue,manual,133.49,,TRUE,TRUE,,,,,,,,,lb,,
iphone-11-pro-loud-speaker-repair,,,,,,,,Email me a UPS Ground Label. FREE!,,Ship my device back to me UPS Next Day Air. +$23.50,,$100 - FREE!,,0,,continue,manual,103.49,,TRUE,TRUE,,,,,,,,,lb,,
iphone-11-pro-loud-speaker-repair,,,,,,,,Email me a UPS 2nd Day Air Label. +$10.00,,Ship my device back to me UPS Next Day Air. +$23.50,,$100 - FREE!,,0,,continue,manual,113.49,,TRUE,TRUE,,,,,,,,,lb,,
iphone-11-pro-loud-speaker-repair,,,,,,,,Email me a UPS Next Day Air Label. +$20.00,,Ship my device back to me UPS Next Day Air. +$23.50,,$100 - FREE!,,0,,continue,manual,123.49,,TRUE,TRUE,,,,,,,,,lb,,
iphone-11-pro-loud-speaker-repair,,,,,,,,Email me a UPS Ground Label. FREE!,,Ship my device back to me UPS Next Day Air. +$23.50,,$250 - +$5.00,,0,,continue,manual,108.49,,TRUE,TRUE,,,,,,,,,lb,,
iphone-11-pro-loud-speaker-repair,,,,,,,,Email me a UPS 2nd Day Air Label. +$10.00,,Ship my device back to me UPS Next Day Air. +$23.50,,$250 - +$5.00,,0,,continue,manual,118.49,,TRUE,TRUE,,,,,,,,,lb,,
iphone-11-pro-loud-speaker-repair,,,,,,,,Email me a UPS Next Day Air Label. +$20.00,,Ship my device back to me UPS Next Day Air. +$23.50,,$250 - +$5.00,,0,,continue,manual,128.49,,TRUE,TRUE,,,,,,,,,lb,,
iphone-11-pro-loud-speaker-repair,,,,,,,,Email me a UPS Ground Label. FREE!,,Ship my device back to me UPS Next Day Air. +$23.50,,$500 - +$10.00,,0,,continue,manual,113.49,,TRUE,TRUE,,,,,,,,,lb,,
iphone-11-pro-loud-speaker-repair,,,,,,,,Email me a UPS 2nd Day Air Label. +$10.00,,Ship my device back to me UPS Next Day Air. +$23.50,,$500 - +$10.00,,0,,continue,manual,123.49,,TRUE,TRUE,,,,,,,,,lb,,
iphone-11-pro-loud-speaker-repair,,,,,,,,Email me a UPS Next Day Air Label. +$20.00,,Ship my device back to me UPS Next Day Air. +$23.50,,$500 - +$10.00,,0,,continue,manual,133.49,,TRUE,TRUE,,,,,,,,,lb,,
iphone-11-pro-loud-speaker-repair,,,,,,,,Email me a UPS Ground Label. FREE!,,Ship my device back to me UPS Next Day Air. +$23.50,,$750 - +$15.00,,0,,continue,manual,118.49,,TRUE,TRUE,,,,,,,,,lb,,
iphone-11-pro-loud-speaker-repair,,,,,,,,Email me a UPS 2nd Day Air Label. +$10.00,,Ship my device back to me UPS Next Day Air. +$23.50,,$750 - +$15.00,,0,,continue,manual,128.49,,TRUE,TRUE,,,,,,,,,lb,,
iphone-11-pro-loud-speaker-repair,,,,,,,,Email me a UPS Next Day Air Label. +$20.00,,Ship my device back to me UPS Next Day Air. +$23.50,,$750 - +$15.00,,0,,continue,manual,138.49,,TRUE,TRUE,,,,,,,,,lb,,
iphone-11-pro-loud-speaker-repair,,,,,,,,Email me a UPS Ground Label. FREE!,,Ship my device back to me UPS Next Day Air. +$23.50,,"$1,000 - +$20.00",,0,,continue,manual,123.49,,TRUE,TRUE,,,,,,,,,lb,,
iphone-11-pro-loud-speaker-repair,,,,,,,,Email me a UPS 2nd Day Air Label. +$10.00,,Ship my device back to me UPS Next Day Air. +$23.50,,"$1,000 - +$20.00",,0,,continue,manual,133.49,,TRUE,TRUE,,,,,,,,,lb,,
iphone-11-pro-loud-speaker-repair,,,,,,,,Email me a UPS Next Day Air Label. +$20.00,,Ship my device back to me UPS Next Day Air. +$23.50,,"$1,000 - +$20.00",,0,,continue,manual,143.49,,TRUE,TRUE,,,,,,,,,lb,,
iphone-11-pro-microphone-repair,iPhone 11 Pro Microphone Repair,"<h2>iPhone 11 Pro Microphone Repair</h2><p>&nbsp;</p><p>At iFixYouri, we understand. Your iPhone 11 Pro is really important to you. When it breaks, it can really mess up your day. If you are in need of Microphone Repair, let the professional repair technicians at iFixYouri help you out.</p><p>&nbsp;</p><p>iFixYouri is here to solve your problem with Microphone Repair for iPhone 11 Pro. With this service, we'll determine the extent of the damage, get your device repaired, and send it back to you. We'll let you know if there are any other issues affecting your device and give you the option of proceeding with those repairs.</p><p>&nbsp;</p>Free UPS ground shipping and $100 of insurance are included. You may purchase faster shipping options and additional insurance protection using the drop-down options above. That's up to you. Don't send us your cables, charges, or cases please. We have plenty here already :) Just package your iPhone 11 Pro in a secure box and affix the provided label.</p><p>&nbsp;</p><p>All replacement parts come with a 90-day warranty that covers all but accidental damage.</p><p>&nbsp;</p><p>iFixYouri can be reached at <a href=""tel:888-494-4349"">888-494-4349</a> or <a href=""mailto:support@ifixyouri.com"">support@ifixyouri.com</a>. Get your iPhone 11 Pro working like new with the help of experienced technicians who do the job right the first time, and save yourself a lot of money and hassle.</p>",iFixYouri,,iPhone 11 Pro Repair Services,TRUE,Inbound Shipping,Email me a UPS Ground Label. FREE!,Outbound Shipping,Ship my device back to me UPS Ground. FREE!,Insurance,$100 - FREE!,,0,,continue,manual,89.99,,TRUE,TRUE,,,,,,iPhone 11 Pro Microphone Repair,iPhone 11 Pro Microphone Repair performed by repair experts iFixYouri. Warranty included. Call today 888-494-4349.,,lb,,
iphone-11-pro-microphone-repair,,,,,,,,Email me a UPS 2nd Day Air Label. +$10.00,,Ship my device back to me UPS Ground. FREE!,,$100 - FREE!,,0,,continue,manual,99.99,,TRUE,TRUE,,,,,,,,,lb,,
iphone-11-pro-microphone-repair,,,,,,,,Email me a UPS Next Day Air Label. +$20.00,,Ship my device back to me UPS Ground. FREE!,,$100 - FREE!,,0,,continue,manual,109.99,,TRUE,TRUE,,,,,,,,,lb,,
iphone-11-pro-microphone-repair,,,,,,,,Email me a UPS Ground Label. FREE!,,Ship my device back to me UPS Ground. FREE!,,$250 - +$5.00,,0,,continue,manual,94.99,,TRUE,TRUE,,,,,,,,,lb,,
iphone-11-pro-microphone-repair,,,,,,,,Email me a UPS 2nd Day Air Label. +$10.00,,Ship my device back to me UPS Ground. FREE!,,$250 - +$5.00,,0,,continue,manual,104.99,,TRUE,TRUE,,,,,,,,,lb,,
iphone-11-pro-microphone-repair,,,,,,,,Email me a UPS Next Day Air Label. +$20.00,,Ship my device back to me UPS Ground. FREE!,,$250 - +$5.00,,0,,continue,manual,114.99,,TRUE,TRUE,,,,,,,,,lb,,
iphone-11-pro-microphone-repair,,,,,,,,Email me a UPS Ground Label. FREE!,,Ship my device back to me UPS Ground. FREE!,,$500 - +$10.00,,0,,continue,manual,99.99,,TRUE,TRUE,,,,,,,,,lb,,
iphone-11-pro-microphone-repair,,,,,,,,Email me a UPS 2nd Day Air Label. +$10.00,,Ship my device back to me UPS Ground. FREE!,,$500 - +$10.00,,0,,continue,manual,109.99,,TRUE,TRUE,,,,,,,,,lb,,
iphone-11-pro-microphone-repair,,,,,,,,Email me a UPS Next Day Air Label. +$20.00,,Ship my device back to me UPS Ground. FREE!,,$500 - +$10.00,,0,,continue,manual,119.99,,TRUE,TRUE,,,,,,,,,lb,,
iphone-11-pro-microphone-repair,,,,,,,,Email me a UPS Ground Label. FREE!,,Ship my device back to me UPS Ground. FREE!,,$750 - +$15.00,,0,,continue,manual,104.99,,TRUE,TRUE,,,,,,,,,lb,,
iphone-11-pro-microphone-repair,,,,,,,,Email me a UPS 2nd Day Air Label. +$10.00,,Ship my device back to me UPS Ground. FREE!,,$750 - +$15.00,,0,,continue,manual,114.99,,TRUE,TRUE,,,,,,,,,lb,,
iphone-11-pro-microphone-repair,,,,,,,,Email me a UPS Next Day Air Label. +$20.00,,Ship my device back to me UPS Ground. FREE!,,$750 - +$15.00,,0,,continue,manual,124.99,,TRUE,TRUE,,,,,,,,,lb,,
iphone-11-pro-microphone-repair,,,,,,,,Email me a UPS Ground Label. FREE!,,Ship my device back to me UPS Ground. FREE!,,"$1,000 - +$20.00",,0,,continue,manual,109.99,,TRUE,TRUE,,,,,,,,,lb,,
iphone-11-pro-microphone-repair,,,,,,,,Email me a UPS 2nd Day Air Label. +$10.00,,Ship my device back to me UPS Ground. FREE!,,"$1,000 - +$20.00",,0,,continue,manual,119.99,,TRUE,TRUE,,,,,,,,,lb,,
iphone-11-pro-microphone-repair,,,,,,,,Email me a UPS Next Day Air Label. +$20.00,,Ship my device back to me UPS Ground. FREE!,,"$1,000 - +$20.00",,0,,continue,manual,129.99,,TRUE,TRUE,,,,,,,,,lb,,
iphone-11-pro-microphone-repair,,,,,,,,Email me a UPS Ground Label. FREE!,,Ship my device back to me UPS 2nd Day Air. +$13.50,,$100 - FREE!,,0,,continue,manual,103.49,,TRUE,TRUE,,,,,,,,,lb,,
iphone-11-pro-microphone-repair,,,,,,,,Email me a UPS 2nd Day Air Label. +$10.00,,Ship my device back to me UPS 2nd Day Air. +$13.50,,$100 - FREE!,,0,,continue,manual,113.49,,TRUE,TRUE,,,,,,,,,lb,,
iphone-11-pro-microphone-repair,,,,,,,,Email me a UPS Next Day Air Label. +$20.00,,Ship my device back to me UPS 2nd Day Air. +$13.50,,$100 - FREE!,,0,,continue,manual,123.49,,TRUE,TRUE,,,,,,,,,lb,,
iphone-11-pro-microphone-repair,,,,,,,,Email me a UPS Ground Label. FREE!,,Ship my device back to me UPS 2nd Day Air. +$13.50,,$250 - +$5.00,,0,,continue,manual,108.49,,TRUE,TRUE,,,,,,,,,lb,,
iphone-11-pro-microphone-repair,,,,,,,,Email me a UPS 2nd Day Air Label. +$10.00,,Ship my device back to me UPS 2nd Day Air. +$13.50,,$250 - +$5.00,,0,,continue,manual,118.49,,TRUE,TRUE,,,,,,,,,lb,,
iphone-11-pro-microphone-repair,,,,,,,,Email me a UPS Next Day Air Label. +$20.00,,Ship my device back to me UPS 2nd Day Air. +$13.50,,$250 - +$5.00,,0,,continue,manual,128.49,,TRUE,TRUE,,,,,,,,,lb,,
iphone-11-pro-microphone-repair,,,,,,,,Email me a UPS Ground Label. FREE!,,Ship my device back to me UPS 2nd Day Air. +$13.50,,$500 - +$10.00,,0,,continue,manual,113.49,,TRUE,TRUE,,,,,,,,,lb,,
iphone-11-pro-microphone-repair,,,,,,,,Email me a UPS 2nd Day Air Label. +$10.00,,Ship my device back to me UPS 2nd Day Air. +$13.50,,$500 - +$10.00,,0,,continue,manual,123.49,,TRUE,TRUE,,,,,,,,,lb,,
iphone-11-pro-microphone-repair,,,,,,,,Email me a UPS Next Day Air Label. +$20.00,,Ship my device back to me UPS 2nd Day Air. +$13.50,,$500 - +$10.00,,0,,continue,manual,133.49,,TRUE,TRUE,,,,,,,,,lb,,
iphone-11-pro-microphone-repair,,,,,,,,Email me a UPS Ground Label. FREE!,,Ship my device back to me UPS 2nd Day Air. +$13.50,,$750 - +$15.00,,0,,continue,manual,118.49,,TRUE,TRUE,,,,,,,,,lb,,
iphone-11-pro-microphone-repair,,,,,,,,Email me a UPS 2nd Day Air Label. +$10.00,,Ship my device back to me UPS 2nd Day Air. +$13.50,,$750 - +$15.00,,0,,continue,manual,128.49,,TRUE,TRUE,,,,,,,,,lb,,
iphone-11-pro-microphone-repair,,,,,,,,Email me a UPS Next Day Air Label. +$20.00,,Ship my device back to me UPS 2nd Day Air. +$13.50,,$750 - +$15.00,,0,,continue,manual,138.49,,TRUE,TRUE,,,,,,,,,lb,,
iphone-11-pro-microphone-repair,,,,,,,,Email me a UPS Ground Label. FREE!,,Ship my device back to me UPS 2nd Day Air. +$13.50,,"$1,000 - +$20.00",,0,,continue,manual,123.49,,TRUE,TRUE,,,,,,,,,lb,,
iphone-11-pro-microphone-repair,,,,,,,,Email me a UPS 2nd Day Air Label. +$10.00,,Ship my device back to me UPS 2nd Day Air. +$13.50,,"$1,000 - +$20.00",,0,,continue,manual,133.49,,TRUE,TRUE,,,,,,,,,lb,,
iphone-11-pro-microphone-repair,,,,,,,,Email me a UPS Next Day Air Label. +$20.00,,Ship my device back to me UPS 2nd Day Air. +$13.50,,"$1,000 - +$20.00",,0,,continue,manual,143.49,,TRUE,TRUE,,,,,,,,,lb,,
iphone-11-pro-microphone-repair,,,,,,,,Email me a UPS Ground Label. FREE!,,Ship my device back to me UPS Next Day Air. +$23.50,,$100 - FREE!,,0,,continue,manual,113.49,,TRUE,TRUE,,,,,,,,,lb,,
iphone-11-pro-microphone-repair,,,,,,,,Email me a UPS 2nd Day Air Label. +$10.00,,Ship my device back to me UPS Next Day Air. +$23.50,,$100 - FREE!,,0,,continue,manual,123.49,,TRUE,TRUE,,,,,,,,,lb,,
iphone-11-pro-microphone-repair,,,,,,,,Email me a UPS Next Day Air Label. +$20.00,,Ship my device back to me UPS Next Day Air. +$23.50,,$100 - FREE!,,0,,continue,manual,133.49,,TRUE,TRUE,,,,,,,,,lb,,
iphone-11-pro-microphone-repair,,,,,,,,Email me a UPS Ground Label. FREE!,,Ship my device back to me UPS Next Day Air. +$23.50,,$250 - +$5.00,,0,,continue,manual,118.49,,TRUE,TRUE,,,,,,,,,lb,,
iphone-11-pro-microphone-repair,,,,,,,,Email me a UPS 2nd Day Air Label. +$10.00,,Ship my device back to me UPS Next Day Air. +$23.50,,$250 - +$5.00,,0,,continue,manual,128.49,,TRUE,TRUE,,,,,,,,,lb,,
iphone-11-pro-microphone-repair,,,,,,,,Email me a UPS Next Day Air Label. +$20.00,,Ship my device back to me UPS Next Day Air. +$23.50,,$250 - +$5.00,,0,,continue,manual,138.49,,TRUE,TRUE,,,,,,,,,lb,,
iphone-11-pro-microphone-repair,,,,,,,,Email me a UPS Ground Label. FREE!,,Ship my device back to me UPS Next Day Air. +$23.50,,$500 - +$10.00,,0,,continue,manual,123.49,,TRUE,TRUE,,,,,,,,,lb,,
iphone-11-pro-microphone-repair,,,,,,,,Email me a UPS 2nd Day Air Label. +$10.00,,Ship my device back to me UPS Next Day Air. +$23.50,,$500 - +$10.00,,0,,continue,manual,133.49,,TRUE,TRUE,,,,,,,,,lb,,
iphone-11-pro-microphone-repair,,,,,,,,Email me a UPS Next Day Air Label. +$20.00,,Ship my device back to me UPS Next Day Air. +$23.50,,$500 - +$10.00,,0,,continue,manual,143.49,,TRUE,TRUE,,,,,,,,,lb,,
iphone-11-pro-microphone-repair,,,,,,,,Email me a UPS Ground Label. FREE!,,Ship my device back to me UPS Next Day Air. +$23.50,,$750 - +$15.00,,0,,continue,manual,128.49,,TRUE,TRUE,,,,,,,,,lb,,
iphone-11-pro-microphone-repair,,,,,,,,Email me a UPS 2nd Day Air Label. +$10.00,,Ship my device back to me UPS Next Day Air. +$23.50,,$750 - +$15.00,,0,,continue,manual,138.49,,TRUE,TRUE,,,,,,,,,lb,,
iphone-11-pro-microphone-repair,,,,,,,,Email me a UPS Next Day Air Label. +$20.00,,Ship my device back to me UPS Next Day Air. +$23.50,,$750 - +$15.00,,0,,continue,manual,148.49,,TRUE,TRUE,,,,,,,,,lb,,
iphone-11-pro-microphone-repair,,,,,,,,Email me a UPS Ground Label. FREE!,,Ship my device back to me UPS Next Day Air. +$23.50,,"$1,000 - +$20.00",,0,,continue,manual,133.49,,TRUE,TRUE,,,,,,,,,lb,,
iphone-11-pro-microphone-repair,,,,,,,,Email me a UPS 2nd Day Air Label. +$10.00,,Ship my device back to me UPS Next Day Air. +$23.50,,"$1,000 - +$20.00",,0,,continue,manual,143.49,,TRUE,TRUE,,,,,,,,,lb,,
iphone-11-pro-microphone-repair,,,,,,,,Email me a UPS Next Day Air Label. +$20.00,,Ship my device back to me UPS Next Day Air. +$23.50,,"$1,000 - +$20.00",,0,,continue,manual,153.49,,TRUE,TRUE,,,,,,,,,lb,,
iphone-11-pro-power-button-repair,iPhone 11 Pro Power Button Repair,"<h2>iPhone 11 Pro Power Button Repair</h2><p>&nbsp;</p><p>The iPhone 11 Pro has great build quality and design, but it isn't invincible. Since your device is of little use when broken, it's a good idea to bring it to iFixYouri for expert Power Button Repair.</p><p>&nbsp;<p>Each device has its own lifespan - some devices use higher quality components than others and can last years if properly maintained. Drops, water or liquid, even a jolt can damage your device. </p><p>&nbsp;</p><p>iFixYouri is here to solve your problem with Power Button Repair for iPhone 11 Pro. With this service, we'll determine the extent of the damage, get your device repaired, and send it back to you. We'll let you know if there are any other issues affecting your device and give you the option of proceeding with those repairs.</p><p>&nbsp;</p><p>We email you a printable shipping label, and include $100 of insurance protection. If you would like faster shipping or more insurance coverage, you have the option to upgrade above using the drop-downs. </p><p>&nbsp;</p><p>A 90-day warranty that covers all but accidental damage comes with every repair.</p><p>&nbsp;</p><p>iFixYouri can be reached at <a href=""tel:888-494-4349"">888-494-4349</a> or <a href=""mailto:support@ifixyouri.com"">support@ifixyouri.com</a>. Get your iPhone 11 Pro working like new with the help of experienced technicians who do the job right the first time, and save yourself a lot of money and hassle.</p>",iFixYouri,,iPhone 11 Pro Repair Services,TRUE,Inbound Shipping,Email me a UPS Ground Label. FREE!,Outbound Shipping,Ship my device back to me UPS Ground. FREE!,Insurance,$100 - FREE!,,0,,continue,manual,99.99,,TRUE,TRUE,,,,,,iPhone 11 Pro Power Button Repair,iPhone 11 Pro Power Button Repair performed by repair experts iFixYouri. Warranty included. Call today 888-494-4349.,,lb,,
iphone-11-pro-power-button-repair,,,,,,,,Email me a UPS 2nd Day Air Label. +$10.00,,Ship my device back to me UPS Ground. FREE!,,$100 - FREE!,,0,,continue,manual,109.99,,TRUE,TRUE,,,,,,,,,lb,,
iphone-11-pro-power-button-repair,,,,,,,,Email me a UPS Next Day Air Label. +$20.00,,Ship my device back to me UPS Ground. FREE!,,$100 - FREE!,,0,,continue,manual,119.99,,TRUE,TRUE,,,,,,,,,lb,,
iphone-11-pro-power-button-repair,,,,,,,,Email me a UPS Ground Label. FREE!,,Ship my device back to me UPS Ground. FREE!,,$250 - +$5.00,,0,,continue,manual,104.99,,TRUE,TRUE,,,,,,,,,lb,,
iphone-11-pro-power-button-repair,,,,,,,,Email me a UPS 2nd Day Air Label. +$10.00,,Ship my device back to me UPS Ground. FREE!,,$250 - +$5.00,,0,,continue,manual,114.99,,TRUE,TRUE,,,,,,,,,lb,,
iphone-11-pro-power-button-repair,,,,,,,,Email me a UPS Next Day Air Label. +$20.00,,Ship my device back to me UPS Ground. FREE!,,$250 - +$5.00,,0,,continue,manual,124.99,,TRUE,TRUE,,,,,,,,,lb,,
iphone-11-pro-power-button-repair,,,,,,,,Email me a UPS Ground Label. FREE!,,Ship my device back to me UPS Ground. FREE!,,$500 - +$10.00,,0,,continue,manual,109.99,,TRUE,TRUE,,,,,,,,,lb,,
iphone-11-pro-power-button-repair,,,,,,,,Email me a UPS 2nd Day Air Label. +$10.00,,Ship my device back to me UPS Ground. FREE!,,$500 - +$10.00,,0,,continue,manual,119.99,,TRUE,TRUE,,,,,,,,,lb,,
iphone-11-pro-power-button-repair,,,,,,,,Email me a UPS Next Day Air Label. +$20.00,,Ship my device back to me UPS Ground. FREE!,,$500 - +$10.00,,0,,continue,manual,129.99,,TRUE,TRUE,,,,,,,,,lb,,
iphone-11-pro-power-button-repair,,,,,,,,Email me a UPS Ground Label. FREE!,,Ship my device back to me UPS Ground. FREE!,,$750 - +$15.00,,0,,continue,manual,114.99,,TRUE,TRUE,,,,,,,,,lb,,
iphone-11-pro-power-button-repair,,,,,,,,Email me a UPS 2nd Day Air Label. +$10.00,,Ship my device back to me UPS Ground. FREE!,,$750 - +$15.00,,0,,continue,manual,124.99,,TRUE,TRUE,,,,,,,,,lb,,
iphone-11-pro-power-button-repair,,,,,,,,Email me a UPS Next Day Air Label. +$20.00,,Ship my device back to me UPS Ground. FREE!,,$750 - +$15.00,,0,,continue,manual,134.99,,TRUE,TRUE,,,,,,,,,lb,,
iphone-11-pro-power-button-repair,,,,,,,,Email me a UPS Ground Label. FREE!,,Ship my device back to me UPS Ground. FREE!,,"$1,000 - +$20.00",,0,,continue,manual,119.99,,TRUE,TRUE,,,,,,,,,lb,,
iphone-11-pro-power-button-repair,,,,,,,,Email me a UPS 2nd Day Air Label. +$10.00,,Ship my device back to me UPS Ground. FREE!,,"$1,000 - +$20.00",,0,,continue,manual,129.99,,TRUE,TRUE,,,,,,,,,lb,,
iphone-11-pro-power-button-repair,,,,,,,,Email me a UPS Next Day Air Label. +$20.00,,Ship my device back to me UPS Ground. FREE!,,"$1,000 - +$20.00",,0,,continue,manual,139.99,,TRUE,TRUE,,,,,,,,,lb,,
iphone-11-pro-power-button-repair,,,,,,,,Email me a UPS Ground Label. FREE!,,Ship my device back to me UPS 2nd Day Air. +$13.50,,$100 - FREE!,,0,,continue,manual,113.49,,TRUE,TRUE,,,,,,,,,lb,,
iphone-11-pro-power-button-repair,,,,,,,,Email me a UPS 2nd Day Air Label. +$10.00,,Ship my device back to me UPS 2nd Day Air. +$13.50,,$100 - FREE!,,0,,continue,manual,123.49,,TRUE,TRUE,,,,,,,,,lb,,
iphone-11-pro-power-button-repair,,,,,,,,Email me a UPS Next Day Air Label. +$20.00,,Ship my device back to me UPS 2nd Day Air. +$13.50,,$100 - FREE!,,0,,continue,manual,133.49,,TRUE,TRUE,,,,,,,,,lb,,
iphone-11-pro-power-button-repair,,,,,,,,Email me a UPS Ground Label. FREE!,,Ship my device back to me UPS 2nd Day Air. +$13.50,,$250 - +$5.00,,0,,continue,manual,118.49,,TRUE,TRUE,,,,,,,,,lb,,
iphone-11-pro-power-button-repair,,,,,,,,Email me a UPS 2nd Day Air Label. +$10.00,,Ship my device back to me UPS 2nd Day Air. +$13.50,,$250 - +$5.00,,0,,continue,manual,128.49,,TRUE,TRUE,,,,,,,,,lb,,
iphone-11-pro-power-button-repair,,,,,,,,Email me a UPS Next Day Air Label. +$20.00,,Ship my device back to me UPS 2nd Day Air. +$13.50,,$250 - +$5.00,,0,,continue,manual,138.49,,TRUE,TRUE,,,,,,,,,lb,,
iphone-11-pro-power-button-repair,,,,,,,,Email me a UPS Ground Label. FREE!,,Ship my device back to me UPS 2nd Day Air. +$13.50,,$500 - +$10.00,,0,,continue,manual,123.49,,TRUE,TRUE,,,,,,,,,lb,,
iphone-11-pro-power-button-repair,,,,,,,,Email me a UPS 2nd Day Air Label. +$10.00,,Ship my device back to me UPS 2nd Day Air. +$13.50,,$500 - +$10.00,,0,,continue,manual,133.49,,TRUE,TRUE,,,,,,,,,lb,,
iphone-11-pro-power-button-repair,,,,,,,,Email me a UPS Next Day Air Label. +$20.00,,Ship my device back to me UPS 2nd Day Air. +$13.50,,$500 - +$10.00,,0,,continue,manual,143.49,,TRUE,TRUE,,,,,,,,,lb,,
iphone-11-pro-power-button-repair,,,,,,,,Email me a UPS Ground Label. FREE!,,Ship my device back to me UPS 2nd Day Air. +$13.50,,$750 - +$15.00,,0,,continue,manual,128.49,,TRUE,TRUE,,,,,,,,,lb,,
iphone-11-pro-power-button-repair,,,,,,,,Email me a UPS 2nd Day Air Label. +$10.00,,Ship my device back to me UPS 2nd Day Air. +$13.50,,$750 - +$15.00,,0,,continue,manual,138.49,,TRUE,TRUE,,,,,,,,,lb,,
iphone-11-pro-power-button-repair,,,,,,,,Email me a UPS Next Day Air Label. +$20.00,,Ship my device back to me UPS 2nd Day Air. +$13.50,,$750 - +$15.00,,0,,continue,manual,148.49,,TRUE,TRUE,,,,,,,,,lb,,
iphone-11-pro-power-button-repair,,,,,,,,Email me a UPS Ground Label. FREE!,,Ship my device back to me UPS 2nd Day Air. +$13.50,,"$1,000 - +$20.00",,0,,continue,manual,133.49,,TRUE,TRUE,,,,,,,,,lb,,
iphone-11-pro-power-button-repair,,,,,,,,Email me a UPS 2nd Day Air Label. +$10.00,,Ship my device back to me UPS 2nd Day Air. +$13.50,,"$1,000 - +$20.00",,0,,continue,manual,143.49,,TRUE,TRUE,,,,,,,,,lb,,
iphone-11-pro-power-button-repair,,,,,,,,Email me a UPS Next Day Air Label. +$20.00,,Ship my device back to me UPS 2nd Day Air. +$13.50,,"$1,000 - +$20.00",,0,,continue,manual,153.49,,TRUE,TRUE,,,,,,,,,lb,,
iphone-11-pro-power-button-repair,,,,,,,,Email me a UPS Ground Label. FREE!,,Ship my device back to me UPS Next Day Air. +$23.50,,$100 - FREE!,,0,,continue,manual,123.49,,TRUE,TRUE,,,,,,,,,lb,,
iphone-11-pro-power-button-repair,,,,,,,,Email me a UPS 2nd Day Air Label. +$10.00,,Ship my device back to me UPS Next Day Air. +$23.50,,$100 - FREE!,,0,,continue,manual,133.49,,TRUE,TRUE,,,,,,,,,lb,,
iphone-11-pro-power-button-repair,,,,,,,,Email me a UPS Next Day Air Label. +$20.00,,Ship my device back to me UPS Next Day Air. +$23.50,,$100 - FREE!,,0,,continue,manual,143.49,,TRUE,TRUE,,,,,,,,,lb,,
iphone-11-pro-power-button-repair,,,,,,,,Email me a UPS Ground Label. FREE!,,Ship my device back to me UPS Next Day Air. +$23.50,,$250 - +$5.00,,0,,continue,manual,128.49,,TRUE,TRUE,,,,,,,,,lb,,
iphone-11-pro-power-button-repair,,,,,,,,Email me a UPS 2nd Day Air Label. +$10.00,,Ship my device back to me UPS Next Day Air. +$23.50,,$250 - +$5.00,,0,,continue,manual,138.49,,TRUE,TRUE,,,,,,,,,lb,,
iphone-11-pro-power-button-repair,,,,,,,,Email me a UPS Next Day Air Label. +$20.00,,Ship my device back to me UPS Next Day Air. +$23.50,,$250 - +$5.00,,0,,continue,manual,148.49,,TRUE,TRUE,,,,,,,,,lb,,
iphone-11-pro-power-button-repair,,,,,,,,Email me a UPS Ground Label. FREE!,,Ship my device back to me UPS Next Day Air. +$23.50,,$500 - +$10.00,,0,,continue,manual,133.49,,TRUE,TRUE,,,,,,,,,lb,,
iphone-11-pro-power-button-repair,,,,,,,,Email me a UPS 2nd Day Air Label. +$10.00,,Ship my device back to me UPS Next Day Air. +$23.50,,$500 - +$10.00,,0,,continue,manual,143.49,,TRUE,TRUE,,,,,,,,,lb,,
iphone-11-pro-power-button-repair,,,,,,,,Email me a UPS Next Day Air Label. +$20.00,,Ship my device back to me UPS Next Day Air. +$23.50,,$500 - +$10.00,,0,,continue,manual,153.49,,TRUE,TRUE,,,,,,,,,lb,,
iphone-11-pro-power-button-repair,,,,,,,,Email me a UPS Ground Label. FREE!,,Ship my device back to me UPS Next Day Air. +$23.50,,$750 - +$15.00,,0,,continue,manual,138.49,,TRUE,TRUE,,,,,,,,,lb,,
iphone-11-pro-power-button-repair,,,,,,,,Email me a UPS 2nd Day Air Label. +$10.00,,Ship my device back to me UPS Next Day Air. +$23.50,,$750 - +$15.00,,0,,continue,manual,148.49,,TRUE,TRUE,,,,,,,,,lb,,
iphone-11-pro-power-button-repair,,,,,,,,Email me a UPS Next Day Air Label. +$20.00,,Ship my device back to me UPS Next Day Air. +$23.50,,$750 - +$15.00,,0,,continue,manual,158.49,,TRUE,TRUE,,,,,,,,,lb,,
iphone-11-pro-power-button-repair,,,,,,,,Email me a UPS Ground Label. FREE!,,Ship my device back to me UPS Next Day Air. +$23.50,,"$1,000 - +$20.00",,0,,continue,manual,143.49,,TRUE,TRUE,,,,,,,,,lb,,
iphone-11-pro-power-button-repair,,,,,,,,Email me a UPS 2nd Day Air Label. +$10.00,,Ship my device back to me UPS Next Day Air. +$23.50,,"$1,000 - +$20.00",,0,,continue,manual,153.49,,TRUE,TRUE,,,,,,,,,lb,,
iphone-11-pro-power-button-repair,,,,,,,,Email me a UPS Next Day Air Label. +$20.00,,Ship my device back to me UPS Next Day Air. +$23.50,,"$1,000 - +$20.00",,0,,continue,manual,163.49,,TRUE,TRUE,,,,,,,,,lb,,
iphone-11-pro-rear-camera-repair,iPhone 11 Pro Rear Camera Repair,"<h2>iPhone 11 Pro Rear Camera Repair</h2><p>&nbsp;</p><p>The iPhone 11 Pro has great build quality and design, but it isn't invincible. Since your device is of little use when broken, it's a good idea to bring it to iFixYouri for expert Rear Camera Repair.</p><p>&nbsp;<p>Each device has its own lifespan - some devices use higher quality components than others and can last years if properly maintained. Drops, water or liquid, even a jolt can damage your device. </p><p>&nbsp;</p><p>After checkout, you'll receive an email confirmation and shipping label. When your phone arrives at our repair center, we do diagnostic tests to determine if any other issues are at play. Outgoing testing ensures that your iPhone 11 Pro is fully functional. With the repairs complete, we send you a tracking number and ship your iPhone 11 Pro back to you!</p><p>&nbsp;</p><p>Send your iPhone 11 Pro to iFixYouri via the UPS shipping method of your choosing. Please ship your device in a sturdy, secure box. If you hear it rattling around in the box, add some more padding. Please do not include cases, cables, or accessories. Standard UPS Ground is covered by us, as well as $100 insurance. Faster shipping and extra insurance coverage can be purchased using the drop-down boxes above.</p><p>&nbsp;</p><p>All replacement parts come with a 90-day warranty that covers all but accidental damage.</p><p>&nbsp;</p><p>iFixYouri can be reached at <a href=""tel:888-494-4349"">888-494-4349</a> or <a href=""mailto:support@ifixyouri.com"">support@ifixyouri.com</a>. Get your iPhone 11 Pro working like new with the help of experienced technicians who do the job right the first time, and save yourself a lot of money and hassle.</p>",iFixYouri,,iPhone 11 Pro Repair Services,TRUE,Inbound Shipping,Email me a UPS Ground Label. FREE!,Outbound Shipping,Ship my device back to me UPS Ground. FREE!,Insurance,$100 - FREE!,,0,,continue,manual,139.99,,TRUE,TRUE,,,,,,iPhone 11 Pro Rear Camera Repair,iPhone 11 Pro Rear Camera Repair performed by repair experts iFixYouri. Warranty included. Call today 888-494-4349.,,lb,,
iphone-11-pro-rear-camera-repair,,,,,,,,Email me a UPS 2nd Day Air Label. +$10.00,,Ship my device back to me UPS Ground. FREE!,,$100 - FREE!,,0,,continue,manual,149.99,,TRUE,TRUE,,,,,,,,,lb,,
iphone-11-pro-rear-camera-repair,,,,,,,,Email me a UPS Next Day Air Label. +$20.00,,Ship my device back to me UPS Ground. FREE!,,$100 - FREE!,,0,,continue,manual,159.99,,TRUE,TRUE,,,,,,,,,lb,,
iphone-11-pro-rear-camera-repair,,,,,,,,Email me a UPS Ground Label. FREE!,,Ship my device back to me UPS Ground. FREE!,,$250 - +$5.00,,0,,continue,manual,144.99,,TRUE,TRUE,,,,,,,,,lb,,
iphone-11-pro-rear-camera-repair,,,,,,,,Email me a UPS 2nd Day Air Label. +$10.00,,Ship my device back to me UPS Ground. FREE!,,$250 - +$5.00,,0,,continue,manual,154.99,,TRUE,TRUE,,,,,,,,,lb,,
iphone-11-pro-rear-camera-repair,,,,,,,,Email me a UPS Next Day Air Label. +$20.00,,Ship my device back to me UPS Ground. FREE!,,$250 - +$5.00,,0,,continue,manual,164.99,,TRUE,TRUE,,,,,,,,,lb,,
iphone-11-pro-rear-camera-repair,,,,,,,,Email me a UPS Ground Label. FREE!,,Ship my device back to me UPS Ground. FREE!,,$500 - +$10.00,,0,,continue,manual,149.99,,TRUE,TRUE,,,,,,,,,lb,,
iphone-11-pro-rear-camera-repair,,,,,,,,Email me a UPS 2nd Day Air Label. +$10.00,,Ship my device back to me UPS Ground. FREE!,,$500 - +$10.00,,0,,continue,manual,159.99,,TRUE,TRUE,,,,,,,,,lb,,
iphone-11-pro-rear-camera-repair,,,,,,,,Email me a UPS Next Day Air Label. +$20.00,,Ship my device back to me UPS Ground. FREE!,,$500 - +$10.00,,0,,continue,manual,169.99,,TRUE,TRUE,,,,,,,,,lb,,
iphone-11-pro-rear-camera-repair,,,,,,,,Email me a UPS Ground Label. FREE!,,Ship my device back to me UPS Ground. FREE!,,$750 - +$15.00,,0,,continue,manual,154.99,,TRUE,TRUE,,,,,,,,,lb,,
iphone-11-pro-rear-camera-repair,,,,,,,,Email me a UPS 2nd Day Air Label. +$10.00,,Ship my device back to me UPS Ground. FREE!,,$750 - +$15.00,,0,,continue,manual,164.99,,TRUE,TRUE,,,,,,,,,lb,,
iphone-11-pro-rear-camera-repair,,,,,,,,Email me a UPS Next Day Air Label. +$20.00,,Ship my device back to me UPS Ground. FREE!,,$750 - +$15.00,,0,,continue,manual,174.99,,TRUE,TRUE,,,,,,,,,lb,,
iphone-11-pro-rear-camera-repair,,,,,,,,Email me a UPS Ground Label. FREE!,,Ship my device back to me UPS Ground. FREE!,,"$1,000 - +$20.00",,0,,continue,manual,159.99,,TRUE,TRUE,,,,,,,,,lb,,
iphone-11-pro-rear-camera-repair,,,,,,,,Email me a UPS 2nd Day Air Label. +$10.00,,Ship my device back to me UPS Ground. FREE!,,"$1,000 - +$20.00",,0,,continue,manual,169.99,,TRUE,TRUE,,,,,,,,,lb,,
iphone-11-pro-rear-camera-repair,,,,,,,,Email me a UPS Next Day Air Label. +$20.00,,Ship my device back to me UPS Ground. FREE!,,"$1,000 - +$20.00",,0,,continue,manual,179.99,,TRUE,TRUE,,,,,,,,,lb,,
iphone-11-pro-rear-camera-repair,,,,,,,,Email me a UPS Ground Label. FREE!,,Ship my device back to me UPS 2nd Day Air. +$13.50,,$100 - FREE!,,0,,continue,manual,153.49,,TRUE,TRUE,,,,,,,,,lb,,
iphone-11-pro-rear-camera-repair,,,,,,,,Email me a UPS 2nd Day Air Label. +$10.00,,Ship my device back to me UPS 2nd Day Air. +$13.50,,$100 - FREE!,,0,,continue,manual,163.49,,TRUE,TRUE,,,,,,,,,lb,,
iphone-11-pro-rear-camera-repair,,,,,,,,Email me a UPS Next Day Air Label. +$20.00,,Ship my device back to me UPS 2nd Day Air. +$13.50,,$100 - FREE!,,0,,continue,manual,173.49,,TRUE,TRUE,,,,,,,,,lb,,
iphone-11-pro-rear-camera-repair,,,,,,,,Email me a UPS Ground Label. FREE!,,Ship my device back to me UPS 2nd Day Air. +$13.50,,$250 - +$5.00,,0,,continue,manual,158.49,,TRUE,TRUE,,,,,,,,,lb,,
iphone-11-pro-rear-camera-repair,,,,,,,,Email me a UPS 2nd Day Air Label. +$10.00,,Ship my device back to me UPS 2nd Day Air. +$13.50,,$250 - +$5.00,,0,,continue,manual,168.49,,TRUE,TRUE,,,,,,,,,lb,,
iphone-11-pro-rear-camera-repair,,,,,,,,Email me a UPS Next Day Air Label. +$20.00,,Ship my device back to me UPS 2nd Day Air. +$13.50,,$250 - +$5.00,,0,,continue,manual,178.49,,TRUE,TRUE,,,,,,,,,lb,,
iphone-11-pro-rear-camera-repair,,,,,,,,Email me a UPS Ground Label. FREE!,,Ship my device back to me UPS 2nd Day Air. +$13.50,,$500 - +$10.00,,0,,continue,manual,163.49,,TRUE,TRUE,,,,,,,,,lb,,
iphone-11-pro-rear-camera-repair,,,,,,,,Email me a UPS 2nd Day Air Label. +$10.00,,Ship my device back to me UPS 2nd Day Air. +$13.50,,$500 - +$10.00,,0,,continue,manual,173.49,,TRUE,TRUE,,,,,,,,,lb,,
iphone-11-pro-rear-camera-repair,,,,,,,,Email me a UPS Next Day Air Label. +$20.00,,Ship my device back to me UPS 2nd Day Air. +$13.50,,$500 - +$10.00,,0,,continue,manual,183.49,,TRUE,TRUE,,,,,,,,,lb,,
iphone-11-pro-rear-camera-repair,,,,,,,,Email me a UPS Ground Label. FREE!,,Ship my device back to me UPS 2nd Day Air. +$13.50,,$750 - +$15.00,,0,,continue,manual,168.49,,TRUE,TRUE,,,,,,,,,lb,,
iphone-11-pro-rear-camera-repair,,,,,,,,Email me a UPS 2nd Day Air Label. +$10.00,,Ship my device back to me UPS 2nd Day Air. +$13.50,,$750 - +$15.00,,0,,continue,manual,178.49,,TRUE,TRUE,,,,,,,,,lb,,
iphone-11-pro-rear-camera-repair,,,,,,,,Email me a UPS Next Day Air Label. +$20.00,,Ship my device back to me UPS 2nd Day Air. +$13.50,,$750 - +$15.00,,0,,continue,manual,188.49,,TRUE,TRUE,,,,,,,,,lb,,
iphone-11-pro-rear-camera-repair,,,,,,,,Email me a UPS Ground Label. FREE!,,Ship my device back to me UPS 2nd Day Air. +$13.50,,"$1,000 - +$20.00",,0,,continue,manual,173.49,,TRUE,TRUE,,,,,,,,,lb,,
iphone-11-pro-rear-camera-repair,,,,,,,,Email me a UPS 2nd Day Air Label. +$10.00,,Ship my device back to me UPS 2nd Day Air. +$13.50,,"$1,000 - +$20.00",,0,,continue,manual,183.49,,TRUE,TRUE,,,,,,,,,lb,,
iphone-11-pro-rear-camera-repair,,,,,,,,Email me a UPS Next Day Air Label. +$20.00,,Ship my device back to me UPS 2nd Day Air. +$13.50,,"$1,000 - +$20.00",,0,,continue,manual,193.49,,TRUE,TRUE,,,,,,,,,lb,,
iphone-11-pro-rear-camera-repair,,,,,,,,Email me a UPS Ground Label. FREE!,,Ship my device back to me UPS Next Day Air. +$23.50,,$100 - FREE!,,0,,continue,manual,163.49,,TRUE,TRUE,,,,,,,,,lb,,
iphone-11-pro-rear-camera-repair,,,,,,,,Email me a UPS 2nd Day Air Label. +$10.00,,Ship my device back to me UPS Next Day Air. +$23.50,,$100 - FREE!,,0,,continue,manual,173.49,,TRUE,TRUE,,,,,,,,,lb,,
iphone-11-pro-rear-camera-repair,,,,,,,,Email me a UPS Next Day Air Label. +$20.00,,Ship my device back to me UPS Next Day Air. +$23.50,,$100 - FREE!,,0,,continue,manual,183.49,,TRUE,TRUE,,,,,,,,,lb,,
iphone-11-pro-rear-camera-repair,,,,,,,,Email me a UPS Ground Label. FREE!,,Ship my device back to me UPS Next Day Air. +$23.50,,$250 - +$5.00,,0,,continue,manual,168.49,,TRUE,TRUE,,,,,,,,,lb,,
iphone-11-pro-rear-camera-repair,,,,,,,,Email me a UPS 2nd Day Air Label. +$10.00,,Ship my device back to me UPS Next Day Air. +$23.50,,$250 - +$5.00,,0,,continue,manual,178.49,,TRUE,TRUE,,,,,,,,,lb,,
iphone-11-pro-rear-camera-repair,,,,,,,,Email me a UPS Next Day Air Label. +$20.00,,Ship my device back to me UPS Next Day Air. +$23.50,,$250 - +$5.00,,0,,continue,manual,188.49,,TRUE,TRUE,,,,,,,,,lb,,
iphone-11-pro-rear-camera-repair,,,,,,,,Email me a UPS Ground Label. FREE!,,Ship my device back to me UPS Next Day Air. +$23.50,,$500 - +$10.00,,0,,continue,manual,173.49,,TRUE,TRUE,,,,,,,,,lb,,
iphone-11-pro-rear-camera-repair,,,,,,,,Email me a UPS 2nd Day Air Label. +$10.00,,Ship my device back to me UPS Next Day Air. +$23.50,,$500 - +$10.00,,0,,continue,manual,183.49,,TRUE,TRUE,,,,,,,,,lb,,
iphone-11-pro-rear-camera-repair,,,,,,,,Email me a UPS Next Day Air Label. +$20.00,,Ship my device back to me UPS Next Day Air. +$23.50,,$500 - +$10.00,,0,,continue,manual,193.49,,TRUE,TRUE,,,,,,,,,lb,,
iphone-11-pro-rear-camera-repair,,,,,,,,Email me a UPS Ground Label. FREE!,,Ship my device back to me UPS Next Day Air. +$23.50,,$750 - +$15.00,,0,,continue,manual,178.49,,TRUE,TRUE,,,,,,,,,lb,,
iphone-11-pro-rear-camera-repair,,,,,,,,Email me a UPS 2nd Day Air Label. +$10.00,,Ship my device back to me UPS Next Day Air. +$23.50,,$750 - +$15.00,,0,,continue,manual,188.49,,TRUE,TRUE,,,,,,,,,lb,,
iphone-11-pro-rear-camera-repair,,,,,,,,Email me a UPS Next Day Air Label. +$20.00,,Ship my device back to me UPS Next Day Air. +$23.50,,$750 - +$15.00,,0,,continue,manual,198.49,,TRUE,TRUE,,,,,,,,,lb,,
iphone-11-pro-rear-camera-repair,,,,,,,,Email me a UPS Ground Label. FREE!,,Ship my device back to me UPS Next Day Air. +$23.50,,"$1,000 - +$20.00",,0,,continue,manual,183.49,,TRUE,TRUE,,,,,,,,,lb,,
iphone-11-pro-rear-camera-repair,,,,,,,,Email me a UPS 2nd Day Air Label. +$10.00,,Ship my device back to me UPS Next Day Air. +$23.50,,"$1,000 - +$20.00",,0,,continue,manual,193.49,,TRUE,TRUE,,,,,,,,,lb,,
iphone-11-pro-rear-camera-repair,,,,,,,,Email me a UPS Next Day Air Label. +$20.00,,Ship my device back to me UPS Next Day Air. +$23.50,,"$1,000 - +$20.00",,0,,continue,manual,203.49,,TRUE,TRUE,,,,,,,,,lb,,
iphone-11-pro-volume-button-repair,iPhone 11 Pro Volume Button Repair,"<h2>iPhone 11 Pro Volume Button Repair</h2><p>&nbsp;</p><p>We recommend not trying Volume Button Repair yourself. Devices have become more and more sophisticated and you may cause more damage. Using the supplied shipping label, send your iPhone 11 Pro to iFixYouri's mail-in center so our skilled repair technicians can inspect your device, pinpoint all/any issues affecting it, and get them repaired the professional way.</p><p>&nbsp;</p><p>iFixYouri is here to solve your problem with Volume Button Repair for iPhone 11 Pro. With this service, we'll determine the extent of the damage, get your device repaired, and send it back to you. We'll let you know if there are any other issues affecting your device and give you the option of proceeding with those repairs.</p><p>&nbsp;</p>Free UPS ground shipping and $100 of insurance are included. You may purchase faster shipping options and additional insurance protection using the drop-down options above. That's up to you. Don't send us your cables, charges, or cases please. We have plenty here already :) Just package your iPhone 11 Pro in a secure box and affix the provided label.</p><p>&nbsp;</p><p>A 90-day warranty that covers all but accidental damage comes with every repair.</p><p>&nbsp;</p><p>iFixYouri can be reached at <a href=""tel:888-494-4349"">888-494-4349</a> or <a href=""mailto:support@ifixyouri.com"">support@ifixyouri.com</a>. Get your iPhone 11 Pro working like new with the help of experienced technicians who do the job right the first time, and save yourself a lot of money and hassle.</p>",iFixYouri,,iPhone 11 Pro Repair Services,TRUE,Inbound Shipping,Email me a UPS Ground Label. FREE!,Outbound Shipping,Ship my device back to me UPS Ground. FREE!,Insurance,$100 - FREE!,,0,,continue,manual,99.99,,TRUE,TRUE,,,,,,iPhone 11 Pro Volume Button Repair,iPhone 11 Pro Volume Button Repair performed by repair experts iFixYouri. Warranty included. Call today 888-494-4349.,,lb,,
iphone-11-pro-volume-button-repair,,,,,,,,Email me a UPS 2nd Day Air Label. +$10.00,,Ship my device back to me UPS Ground. FREE!,,$100 - FREE!,,0,,continue,manual,109.99,,TRUE,TRUE,,,,,,,,,lb,,
iphone-11-pro-volume-button-repair,,,,,,,,Email me a UPS Next Day Air Label. +$20.00,,Ship my device back to me UPS Ground. FREE!,,$100 - FREE!,,0,,continue,manual,119.99,,TRUE,TRUE,,,,,,,,,lb,,
iphone-11-pro-volume-button-repair,,,,,,,,Email me a UPS Ground Label. FREE!,,Ship my device back to me UPS Ground. FREE!,,$250 - +$5.00,,0,,continue,manual,104.99,,TRUE,TRUE,,,,,,,,,lb,,
iphone-11-pro-volume-button-repair,,,,,,,,Email me a UPS 2nd Day Air Label. +$10.00,,Ship my device back to me UPS Ground. FREE!,,$250 - +$5.00,,0,,continue,manual,114.99,,TRUE,TRUE,,,,,,,,,lb,,
iphone-11-pro-volume-button-repair,,,,,,,,Email me a UPS Next Day Air Label. +$20.00,,Ship my device back to me UPS Ground. FREE!,,$250 - +$5.00,,0,,continue,manual,124.99,,TRUE,TRUE,,,,,,,,,lb,,
iphone-11-pro-volume-button-repair,,,,,,,,Email me a UPS Ground Label. FREE!,,Ship my device back to me UPS Ground. FREE!,,$500 - +$10.00,,0,,continue,manual,109.99,,TRUE,TRUE,,,,,,,,,lb,,
iphone-11-pro-volume-button-repair,,,,,,,,Email me a UPS 2nd Day Air Label. +$10.00,,Ship my device back to me UPS Ground. FREE!,,$500 - +$10.00,,0,,continue,manual,119.99,,TRUE,TRUE,,,,,,,,,lb,,
iphone-11-pro-volume-button-repair,,,,,,,,Email me a UPS Next Day Air Label. +$20.00,,Ship my device back to me UPS Ground. FREE!,,$500 - +$10.00,,0,,continue,manual,129.99,,TRUE,TRUE,,,,,,,,,lb,,
iphone-11-pro-volume-button-repair,,,,,,,,Email me a UPS Ground Label. FREE!,,Ship my device back to me UPS Ground. FREE!,,$750 - +$15.00,,0,,continue,manual,114.99,,TRUE,TRUE,,,,,,,,,lb,,
iphone-11-pro-volume-button-repair,,,,,,,,Email me a UPS 2nd Day Air Label. +$10.00,,Ship my device back to me UPS Ground. FREE!,,$750 - +$15.00,,0,,continue,manual,124.99,,TRUE,TRUE,,,,,,,,,lb,,
iphone-11-pro-volume-button-repair,,,,,,,,Email me a UPS Next Day Air Label. +$20.00,,Ship my device back to me UPS Ground. FREE!,,$750 - +$15.00,,0,,continue,manual,134.99,,TRUE,TRUE,,,,,,,,,lb,,
iphone-11-pro-volume-button-repair,,,,,,,,Email me a UPS Ground Label. FREE!,,Ship my device back to me UPS Ground. FREE!,,"$1,000 - +$20.00",,0,,continue,manual,119.99,,TRUE,TRUE,,,,,,,,,lb,,
iphone-11-pro-volume-button-repair,,,,,,,,Email me a UPS 2nd Day Air Label. +$10.00,,Ship my device back to me UPS Ground. FREE!,,"$1,000 - +$20.00",,0,,continue,manual,129.99,,TRUE,TRUE,,,,,,,,,lb,,
iphone-11-pro-volume-button-repair,,,,,,,,Email me a UPS Next Day Air Label. +$20.00,,Ship my device back to me UPS Ground. FREE!,,"$1,000 - +$20.00",,0,,continue,manual,139.99,,TRUE,TRUE,,,,,,,,,lb,,
iphone-11-pro-volume-button-repair,,,,,,,,Email me a UPS Ground Label. FREE!,,Ship my device back to me UPS 2nd Day Air. +$13.50,,$100 - FREE!,,0,,continue,manual,113.49,,TRUE,TRUE,,,,,,,,,lb,,
iphone-11-pro-volume-button-repair,,,,,,,,Email me a UPS 2nd Day Air Label. +$10.00,,Ship my device back to me UPS 2nd Day Air. +$13.50,,$100 - FREE!,,0,,continue,manual,123.49,,TRUE,TRUE,,,,,,,,,lb,,
iphone-11-pro-volume-button-repair,,,,,,,,Email me a UPS Next Day Air Label. +$20.00,,Ship my device back to me UPS 2nd Day Air. +$13.50,,$100 - FREE!,,0,,continue,manual,133.49,,TRUE,TRUE,,,,,,,,,lb,,
iphone-11-pro-volume-button-repair,,,,,,,,Email me a UPS Ground Label. FREE!,,Ship my device back to me UPS 2nd Day Air. +$13.50,,$250 - +$5.00,,0,,continue,manual,118.49,,TRUE,TRUE,,,,,,,,,lb,,
iphone-11-pro-volume-button-repair,,,,,,,,Email me a UPS 2nd Day Air Label. +$10.00,,Ship my device back to me UPS 2nd Day Air. +$13.50,,$250 - +$5.00,,0,,continue,manual,128.49,,TRUE,TRUE,,,,,,,,,lb,,
iphone-11-pro-volume-button-repair,,,,,,,,Email me a UPS Next Day Air Label. +$20.00,,Ship my device back to me UPS 2nd Day Air. +$13.50,,$250 - +$5.00,,0,,continue,manual,138.49,,TRUE,TRUE,,,,,,,,,lb,,
iphone-11-pro-volume-button-repair,,,,,,,,Email me a UPS Ground Label. FREE!,,Ship my device back to me UPS 2nd Day Air. +$13.50,,$500 - +$10.00,,0,,continue,manual,123.49,,TRUE,TRUE,,,,,,,,,lb,,
iphone-11-pro-volume-button-repair,,,,,,,,Email me a UPS 2nd Day Air Label. +$10.00,,Ship my device back to me UPS 2nd Day Air. +$13.50,,$500 - +$10.00,,0,,continue,manual,133.49,,TRUE,TRUE,,,,,,,,,lb,,
iphone-11-pro-volume-button-repair,,,,,,,,Email me a UPS Next Day Air Label. +$20.00,,Ship my device back to me UPS 2nd Day Air. +$13.50,,$500 - +$10.00,,0,,continue,manual,143.49,,TRUE,TRUE,,,,,,,,,lb,,
iphone-11-pro-volume-button-repair,,,,,,,,Email me a UPS Ground Label. FREE!,,Ship my device back to me UPS 2nd Day Air. +$13.50,,$750 - +$15.00,,0,,continue,manual,128.49,,TRUE,TRUE,,,,,,,,,lb,,
iphone-11-pro-volume-button-repair,,,,,,,,Email me a UPS 2nd Day Air Label. +$10.00,,Ship my device back to me UPS 2nd Day Air. +$13.50,,$750 - +$15.00,,0,,continue,manual,138.49,,TRUE,TRUE,,,,,,,,,lb,,
iphone-11-pro-volume-button-repair,,,,,,,,Email me a UPS Next Day Air Label. +$20.00,,Ship my device back to me UPS 2nd Day Air. +$13.50,,$750 - +$15.00,,0,,continue,manual,148.49,,TRUE,TRUE,,,,,,,,,lb,,
iphone-11-pro-volume-button-repair,,,,,,,,Email me a UPS Ground Label. FREE!,,Ship my device back to me UPS 2nd Day Air. +$13.50,,"$1,000 - +$20.00",,0,,continue,manual,133.49,,TRUE,TRUE,,,,,,,,,lb,,
iphone-11-pro-volume-button-repair,,,,,,,,Email me a UPS 2nd Day Air Label. +$10.00,,Ship my device back to me UPS 2nd Day Air. +$13.50,,"$1,000 - +$20.00",,0,,continue,manual,143.49,,TRUE,TRUE,,,,,,,,,lb,,
iphone-11-pro-volume-button-repair,,,,,,,,Email me a UPS Next Day Air Label. +$20.00,,Ship my device back to me UPS 2nd Day Air. +$13.50,,"$1,000 - +$20.00",,0,,continue,manual,153.49,,TRUE,TRUE,,,,,,,,,lb,,
iphone-11-pro-volume-button-repair,,,,,,,,Email me a UPS Ground Label. FREE!,,Ship my device back to me UPS Next Day Air. +$23.50,,$100 - FREE!,,0,,continue,manual,123.49,,TRUE,TRUE,,,,,,,,,lb,,
iphone-11-pro-volume-button-repair,,,,,,,,Email me a UPS 2nd Day Air Label. +$10.00,,Ship my device back to me UPS Next Day Air. +$23.50,,$100 - FREE!,,0,,continue,manual,133.49,,TRUE,TRUE,,,,,,,,,lb,,
iphone-11-pro-volume-button-repair,,,,,,,,Email me a UPS Next Day Air Label. +$20.00,,Ship my device back to me UPS Next Day Air. +$23.50,,$100 - FREE!,,0,,continue,manual,143.49,,TRUE,TRUE,,,,,,,,,lb,,
iphone-11-pro-volume-button-repair,,,,,,,,Email me a UPS Ground Label. FREE!,,Ship my device back to me UPS Next Day Air. +$23.50,,$250 - +$5.00,,0,,continue,manual,128.49,,TRUE,TRUE,,,,,,,,,lb,,
iphone-11-pro-volume-button-repair,,,,,,,,Email me a UPS 2nd Day Air Label. +$10.00,,Ship my device back to me UPS Next Day Air. +$23.50,,$250 - +$5.00,,0,,continue,manual,138.49,,TRUE,TRUE,,,,,,,,,lb,,
iphone-11-pro-volume-button-repair,,,,,,,,Email me a UPS Next Day Air Label. +$20.00,,Ship my device back to me UPS Next Day Air. +$23.50,,$250 - +$5.00,,0,,continue,manual,148.49,,TRUE,TRUE,,,,,,,,,lb,,
iphone-11-pro-volume-button-repair,,,,,,,,Email me a UPS Ground Label. FREE!,,Ship my device back to me UPS Next Day Air. +$23.50,,$500 - +$10.00,,0,,continue,manual,133.49,,TRUE,TRUE,,,,,,,,,lb,,
iphone-11-pro-volume-button-repair,,,,,,,,Email me a UPS 2nd Day Air Label. +$10.00,,Ship my device back to me UPS Next Day Air. +$23.50,,$500 - +$10.00,,0,,continue,manual,143.49,,TRUE,TRUE,,,,,,,,,lb,,
iphone-11-pro-volume-button-repair,,,,,,,,Email me a UPS Next Day Air Label. +$20.00,,Ship my device back to me UPS Next Day Air. +$23.50,,$500 - +$10.00,,0,,continue,manual,153.49,,TRUE,TRUE,,,,,,,,,lb,,
iphone-11-pro-volume-button-repair,,,,,,,,Email me a UPS Ground Label. FREE!,,Ship my device back to me UPS Next Day Air. +$23.50,,$750 - +$15.00,,0,,continue,manual,138.49,,TRUE,TRUE,,,,,,,,,lb,,
iphone-11-pro-volume-button-repair,,,,,,,,Email me a UPS 2nd Day Air Label. +$10.00,,Ship my device back to me UPS Next Day Air. +$23.50,,$750 - +$15.00,,0,,continue,manual,148.49,,TRUE,TRUE,,,,,,,,,lb,,
iphone-11-pro-volume-button-repair,,,,,,,,Email me a UPS Next Day Air Label. +$20.00,,Ship my device back to me UPS Next Day Air. +$23.50,,$750 - +$15.00,,0,,continue,manual,158.49,,TRUE,TRUE,,,,,,,,,lb,,
iphone-11-pro-volume-button-repair,,,,,,,,Email me a UPS Ground Label. FREE!,,Ship my device back to me UPS Next Day Air. +$23.50,,"$1,000 - +$20.00",,0,,continue,manual,143.49,,TRUE,TRUE,,,,,,,,,lb,,
iphone-11-pro-volume-button-repair,,,,,,,,Email me a UPS 2nd Day Air Label. +$10.00,,Ship my device back to me UPS Next Day Air. +$23.50,,"$1,000 - +$20.00",,0,,continue,manual,153.49,,TRUE,TRUE,,,,,,,,,lb,,
iphone-11-pro-volume-button-repair,,,,,,,,Email me a UPS Next Day Air Label. +$20.00,,Ship my device back to me UPS Next Day Air. +$23.50,,"$1,000 - +$20.00",,0,,continue,manual,163.49,,TRUE,TRUE,,,,,,,,,lb,,
iphone-11-pro-water-damage-repair,iPhone 11 Pro Water Damage Repair,"<div style=""position: relative; padding-bottom: 56.25%; padding-top: 30px; height: 0; overflow: hidden;""><iframe style=""position: absolute; top: 0; left: 0; width: 100%; height: 100%; display: block; margin-left: auto; margin-right: auto;"" src=""https://www.youtube.com/embed/GfawakMoM9E?rel=0"" width=""853"" height=""480"" frameborder=""0"" allowfullscreen=""allowfullscreen""></iframe></div><p>&nbsp;</p><h2>iPhone 11 Pro Water Damage Repair</h2><p>&nbsp;</p><p>We recommend not trying Water Damage Repair yourself. Devices have become more and more sophisticated and you may cause more damage. Using the supplied shipping label, send your iPhone 11 Pro to iFixYouri's mail-in center so our skilled repair technicians can inspect your device, pinpoint all/any issues affecting it, and get them repaired the professional way.</p><p>&nbsp;</p><p><strong>*NOTE: If you decline repairs for diagnostic or water damage treatment or your device is deemed non-repairable, you will be responsible for shipping and handling.</strong></p> Water Damage repair is what you need if you have splashed or submerged your iPhone 11 Pro in water or any other liquid. iFixYouri has a high success rate restoring devices that have lost power or function after coming in contact with liquid.<p>&nbsp;</p><p>With Water Damage Repair for iPhone 11 Pro, iFixYouri is here to help. With this service, our repair technicians inspect the problem, as well as any other affected components, repair your device, and send it back to you asap. If there are any other issues affecting your device, we'll let you know and proceed with those repairs only after your approval.</p><p>&nbsp;</p><p>We email you a printable shipping label, and include $100 of insurance protection. If you would like faster shipping or more insurance coverage, you have the option to upgrade above using the drop-downs. </p><p>&nbsp;</p><p>iFixYouri can be reached at <a href=""tel:888-494-4349"">888-494-4349</a> or <a href=""mailto:support@ifixyouri.com"">support@ifixyouri.com</a>. Get your iPhone 11 Pro working like new with the help of experienced technicians who do the job right the first time, and save yourself a lot of money and hassle.</p>",iFixYouri,,iPhone 11 Pro Repair Services,TRUE,Inbound Shipping,Email me a UPS Ground Label. FREE!,Outbound Shipping,Ship my device back to me UPS Ground. FREE!,Insurance,$100 - FREE!,,0,,continue,manual,0.0,,TRUE,TRUE,,,,,,iPhone 11 Pro Water Damage Repair,iPhone 11 Pro Water Damage Repair performed by repair experts iFixYouri. Warranty included. Call today 888-494-4349.,,lb,,
iphone-11-pro-water-damage-repair,,,,,,,,Email me a UPS 2nd Day Air Label. +$10.00,,Ship my device back to me UPS Ground. FREE!,,$100 - FREE!,,0,,continue,manual,10.0,,TRUE,TRUE,,,,,,,,,lb,,
iphone-11-pro-water-damage-repair,,,,,,,,Email me a UPS Next Day Air Label. +$20.00,,Ship my device back to me UPS Ground. FREE!,,$100 - FREE!,,0,,continue,manual,20.0,,TRUE,TRUE,,,,,,,,,lb,,
iphone-11-pro-water-damage-repair,,,,,,,,Email me a UPS Ground Label. FREE!,,Ship my device back to me UPS Ground. FREE!,,$250 - +$5.00,,0,,continue,manual,5.0,,TRUE,TRUE,,,,,,,,,lb,,
iphone-11-pro-water-damage-repair,,,,,,,,Email me a UPS 2nd Day Air Label. +$10.00,,Ship my device back to me UPS Ground. FREE!,,$250 - +$5.00,,0,,continue,manual,15.0,,TRUE,TRUE,,,,,,,,,lb,,
iphone-11-pro-water-damage-repair,,,,,,,,Email me a UPS Next Day Air Label. +$20.00,,Ship my device back to me UPS Ground. FREE!,,$250 - +$5.00,,0,,continue,manual,25.0,,TRUE,TRUE,,,,,,,,,lb,,
iphone-11-pro-water-damage-repair,,,,,,,,Email me a UPS Ground Label. FREE!,,Ship my device back to me UPS Ground. FREE!,,$500 - +$10.00,,0,,continue,manual,10.0,,TRUE,TRUE,,,,,,,,,lb,,
iphone-11-pro-water-damage-repair,,,,,,,,Email me a UPS 2nd Day Air Label. +$10.00,,Ship my device back to me UPS Ground. FREE!,,$500 - +$10.00,,0,,continue,manual,20.0,,TRUE,TRUE,,,,,,,,,lb,,
iphone-11-pro-water-damage-repair,,,,,,,,Email me a UPS Next Day Air Label. +$20.00,,Ship my device back to me UPS Ground. FREE!,,$500 - +$10.00,,0,,continue,manual,30.0,,TRUE,TRUE,,,,,,,,,lb,,
iphone-11-pro-water-damage-repair,,,,,,,,Email me a UPS Ground Label. FREE!,,Ship my device back to me UPS Ground. FREE!,,$750 - +$15.00,,0,,continue,manual,15.0,,TRUE,TRUE,,,,,,,,,lb,,
iphone-11-pro-water-damage-repair,,,,,,,,Email me a UPS 2nd Day Air Label. +$10.00,,Ship my device back to me UPS Ground. FREE!,,$750 - +$15.00,,0,,continue,manual,25.0,,TRUE,TRUE,,,,,,,,,lb,,
iphone-11-pro-water-damage-repair,,,,,,,,Email me a UPS Next Day Air Label. +$20.00,,Ship my device back to me UPS Ground. FREE!,,$750 - +$15.00,,0,,continue,manual,35.0,,TRUE,TRUE,,,,,,,,,lb,,
iphone-11-pro-water-damage-repair,,,,,,,,Email me a UPS Ground Label. FREE!,,Ship my device back to me UPS Ground. FREE!,,"$1,000 - +$20.00",,0,,continue,manual,20.0,,TRUE,TRUE,,,,,,,,,lb,,
iphone-11-pro-water-damage-repair,,,,,,,,Email me a UPS 2nd Day Air Label. +$10.00,,Ship my device back to me UPS Ground. FREE!,,"$1,000 - +$20.00",,0,,continue,manual,30.0,,TRUE,TRUE,,,,,,,,,lb,,
iphone-11-pro-water-damage-repair,,,,,,,,Email me a UPS Next Day Air Label. +$20.00,,Ship my device back to me UPS Ground. FREE!,,"$1,000 - +$20.00",,0,,continue,manual,40.0,,TRUE,TRUE,,,,,,,,,lb,,
iphone-11-pro-water-damage-repair,,,,,,,,Email me a UPS Ground Label. FREE!,,Ship my device back to me UPS 2nd Day Air. +$13.50,,$100 - FREE!,,0,,continue,manual,13.5,,TRUE,TRUE,,,,,,,,,lb,,
iphone-11-pro-water-damage-repair,,,,,,,,Email me a UPS 2nd Day Air Label. +$10.00,,Ship my device back to me UPS 2nd Day Air. +$13.50,,$100 - FREE!,,0,,continue,manual,23.5,,TRUE,TRUE,,,,,,,,,lb,,
iphone-11-pro-water-damage-repair,,,,,,,,Email me a UPS Next Day Air Label. +$20.00,,Ship my device back to me UPS 2nd Day Air. +$13.50,,$100 - FREE!,,0,,continue,manual,33.5,,TRUE,TRUE,,,,,,,,,lb,,
iphone-11-pro-water-damage-repair,,,,,,,,Email me a UPS Ground Label. FREE!,,Ship my device back to me UPS 2nd Day Air. +$13.50,,$250 - +$5.00,,0,,continue,manual,18.5,,TRUE,TRUE,,,,,,,,,lb,,
iphone-11-pro-water-damage-repair,,,,,,,,Email me a UPS 2nd Day Air Label. +$10.00,,Ship my device back to me UPS 2nd Day Air. +$13.50,,$250 - +$5.00,,0,,continue,manual,28.5,,TRUE,TRUE,,,,,,,,,lb,,
iphone-11-pro-water-damage-repair,,,,,,,,Email me a UPS Next Day Air Label. +$20.00,,Ship my device back to me UPS 2nd Day Air. +$13.50,,$250 - +$5.00,,0,,continue,manual,38.5,,TRUE,TRUE,,,,,,,,,lb,,
iphone-11-pro-water-damage-repair,,,,,,,,Email me a UPS Ground Label. FREE!,,Ship my device back to me UPS 2nd Day Air. +$13.50,,$500 - +$10.00,,0,,continue,manual,23.5,,TRUE,TRUE,,,,,,,,,lb,,
iphone-11-pro-water-damage-repair,,,,,,,,Email me a UPS 2nd Day Air Label. +$10.00,,Ship my device back to me UPS 2nd Day Air. +$13.50,,$500 - +$10.00,,0,,continue,manual,33.5,,TRUE,TRUE,,,,,,,,,lb,,
iphone-11-pro-water-damage-repair,,,,,,,,Email me a UPS Next Day Air Label. +$20.00,,Ship my device back to me UPS 2nd Day Air. +$13.50,,$500 - +$10.00,,0,,continue,manual,43.5,,TRUE,TRUE,,,,,,,,,lb,,
iphone-11-pro-water-damage-repair,,,,,,,,Email me a UPS Ground Label. FREE!,,Ship my device back to me UPS 2nd Day Air. +$13.50,,$750 - +$15.00,,0,,continue,manual,28.5,,TRUE,TRUE,,,,,,,,,lb,,
iphone-11-pro-water-damage-repair,,,,,,,,Email me a UPS 2nd Day Air Label. +$10.00,,Ship my device back to me UPS 2nd Day Air. +$13.50,,$750 - +$15.00,,0,,continue,manual,38.5,,TRUE,TRUE,,,,,,,,,lb,,
iphone-11-pro-water-damage-repair,,,,,,,,Email me a UPS Next Day Air Label. +$20.00,,Ship my device back to me UPS 2nd Day Air. +$13.50,,$750 - +$15.00,,0,,continue,manual,48.5,,TRUE,TRUE,,,,,,,,,lb,,
iphone-11-pro-water-damage-repair,,,,,,,,Email me a UPS Ground Label. FREE!,,Ship my device back to me UPS 2nd Day Air. +$13.50,,"$1,000 - +$20.00",,0,,continue,manual,33.5,,TRUE,TRUE,,,,,,,,,lb,,
iphone-11-pro-water-damage-repair,,,,,,,,Email me a UPS 2nd Day Air Label. +$10.00,,Ship my device back to me UPS 2nd Day Air. +$13.50,,"$1,000 - +$20.00",,0,,continue,manual,43.5,,TRUE,TRUE,,,,,,,,,lb,,
iphone-11-pro-water-damage-repair,,,,,,,,Email me a UPS Next Day Air Label. +$20.00,,Ship my device back to me UPS 2nd Day Air. +$13.50,,"$1,000 - +$20.00",,0,,continue,manual,53.5,,TRUE,TRUE,,,,,,,,,lb,,
iphone-11-pro-water-damage-repair,,,,,,,,Email me a UPS Ground Label. FREE!,,Ship my device back to me UPS Next Day Air. +$23.50,,$100 - FREE!,,0,,continue,manual,23.5,,TRUE,TRUE,,,,,,,,,lb,,
iphone-11-pro-water-damage-repair,,,,,,,,Email me a UPS 2nd Day Air Label. +$10.00,,Ship my device back to me UPS Next Day Air. +$23.50,,$100 - FREE!,,0,,continue,manual,33.5,,TRUE,TRUE,,,,,,,,,lb,,
iphone-11-pro-water-damage-repair,,,,,,,,Email me a UPS Next Day Air Label. +$20.00,,Ship my device back to me UPS Next Day Air. +$23.50,,$100 - FREE!,,0,,continue,manual,43.5,,TRUE,TRUE,,,,,,,,,lb,,
iphone-11-pro-water-damage-repair,,,,,,,,Email me a UPS Ground Label. FREE!,,Ship my device back to me UPS Next Day Air. +$23.50,,$250 - +$5.00,,0,,continue,manual,28.5,,TRUE,TRUE,,,,,,,,,lb,,
iphone-11-pro-water-damage-repair,,,,,,,,Email me a UPS 2nd Day Air Label. +$10.00,,Ship my device back to me UPS Next Day Air. +$23.50,,$250 - +$5.00,,0,,continue,manual,38.5,,TRUE,TRUE,,,,,,,,,lb,,
iphone-11-pro-water-damage-repair,,,,,,,,Email me a UPS Next Day Air Label. +$20.00,,Ship my device back to me UPS Next Day Air. +$23.50,,$250 - +$5.00,,0,,continue,manual,48.5,,TRUE,TRUE,,,,,,,,,lb,,
iphone-11-pro-water-damage-repair,,,,,,,,Email me a UPS Ground Label. FREE!,,Ship my device back to me UPS Next Day Air. +$23.50,,$500 - +$10.00,,0,,continue,manual,33.5,,TRUE,TRUE,,,,,,,,,lb,,
iphone-11-pro-water-damage-repair,,,,,,,,Email me a UPS 2nd Day Air Label. +$10.00,,Ship my device back to me UPS Next Day Air. +$23.50,,$500 - +$10.00,,0,,continue,manual,43.5,,TRUE,TRUE,,,,,,,,,lb,,
iphone-11-pro-water-damage-repair,,,,,,,,Email me a UPS Next Day Air Label. +$20.00,,Ship my device back to me UPS Next Day Air. +$23.50,,$500 - +$10.00,,0,,continue,manual,53.5,,TRUE,TRUE,,,,,,,,,lb,,
iphone-11-pro-water-damage-repair,,,,,,,,Email me a UPS Ground Label. FREE!,,Ship my device back to me UPS Next Day Air. +$23.50,,$750 - +$15.00,,0,,continue,manual,38.5,,TRUE,TRUE,,,,,,,,,lb,,
iphone-11-pro-water-damage-repair,,,,,,,,Email me a UPS 2nd Day Air Label. +$10.00,,Ship my device back to me UPS Next Day Air. +$23.50,,$750 - +$15.00,,0,,continue,manual,48.5,,TRUE,TRUE,,,,,,,,,lb,,
iphone-11-pro-water-damage-repair,,,,,,,,Email me a UPS Next Day Air Label. +$20.00,,Ship my device back to me UPS Next Day Air. +$23.50,,$750 - +$15.00,,0,,continue,manual,58.5,,TRUE,TRUE,,,,,,,,,lb,,
iphone-11-pro-water-damage-repair,,,,,,,,Email me a UPS Ground Label. FREE!,,Ship my device back to me UPS Next Day Air. +$23.50,,"$1,000 - +$20.00",,0,,continue,manual,43.5,,TRUE,TRUE,,,,,,,,,lb,,
iphone-11-pro-water-damage-repair,,,,,,,,Email me a UPS 2nd Day Air Label. +$10.00,,Ship my device back to me UPS Next Day Air. +$23.50,,"$1,000 - +$20.00",,0,,continue,manual,53.5,,TRUE,TRUE,,,,,,,,,lb,,
iphone-11-pro-water-damage-repair,,,,,,,,Email me a UPS Next Day Air Label. +$20.00,,Ship my device back to me UPS Next Day Air. +$23.50,,"$1,000 - +$20.00",,0,,continue,manual,63.5,,TRUE,TRUE,,,,,,,,,lb,,
iphone-11-pro-ear-speaker-repair,iPhone 11 Pro Ear Speaker Repair,"<h2>iPhone 11 Pro Ear Speaker Repair</h2><p>&nbsp;</p><p>The iPhone 11 Pro has great build quality and design, but it isn't invincible. Since your device is of little use when broken, it's a good idea to bring it to iFixYouri for expert Ear Speaker Repair.</p><p>&nbsp;<p>Each device has its own lifespan - some devices use higher quality components than others and can last years if properly maintained. Drops, water or liquid, even a jolt can damage your device. </p><p>&nbsp;</p><p>After checkout, you'll receive an email confirmation and shipping label. When your phone arrives at our repair center, we do diagnostic tests to determine if any other issues are at play. Outgoing testing ensures that your iPhone 11 Pro is fully functional. With the repairs complete, we send you a tracking number and ship your iPhone 11 Pro back to you!</p><p>&nbsp;</p><p>We email you a printable shipping label, and include $100 of insurance protection. If you would like faster shipping or more insurance coverage, you have the option to upgrade above using the drop-downs. </p><p>&nbsp;</p><p>A 90-day warranty that covers all but accidental damage is included. Contact customer service with any questions at <a href=""tel:888-494-4349"">888-494-4349</a> or <a href=""mailto:support@ifixyouri.com"">support@ifixyouri.com</a>.</p><p>&nbsp;</p><p>If you have specific questions about Ear Speaker Repair or any iPhone 11 Pro service from iFixYouri, please ask them in the box below. Contact customer service with any questions at <a href=""tel:888-494-4349"">888-494-4349</a> or <a href=""mailto:support@ifixyouri.com"">support@ifixyouri.com</a>.</p>",iFixYouri,,iPhone 11 Pro Repair Services,TRUE,Inbound Shipping,Email me a UPS Ground Label. FREE!,Outbound Shipping,Ship my device back to me UPS Ground. FREE!,Insurance,$100 - FREE!,,0,,continue,manual,89.99,,TRUE,TRUE,,,,,,iPhone 11 Pro Ear Speaker Repair,iPhone 11 Pro Ear Speaker Repair performed by repair experts iFixYouri. Warranty included. Call today 888-494-4349.,,lb,,
iphone-11-pro-ear-speaker-repair,,,,,,,,Email me a UPS 2nd Day Air Label. +$10.00,,Ship my device back to me UPS Ground. FREE!,,$100 - FREE!,,0,,continue,manual,99.99,,TRUE,TRUE,,,,,,,,,lb,,
iphone-11-pro-ear-speaker-repair,,,,,,,,Email me a UPS Next Day Air Label. +$20.00,,Ship my device back to me UPS Ground. FREE!,,$100 - FREE!,,0,,continue,manual,109.99,,TRUE,TRUE,,,,,,,,,lb,,
iphone-11-pro-ear-speaker-repair,,,,,,,,Email me a UPS Ground Label. FREE!,,Ship my device back to me UPS Ground. FREE!,,$250 - +$5.00,,0,,continue,manual,94.99,,TRUE,TRUE,,,,,,,,,lb,,
iphone-11-pro-ear-speaker-repair,,,,,,,,Email me a UPS 2nd Day Air Label. +$10.00,,Ship my device back to me UPS Ground. FREE!,,$250 - +$5.00,,0,,continue,manual,104.99,,TRUE,TRUE,,,,,,,,,lb,,
iphone-11-pro-ear-speaker-repair,,,,,,,,Email me a UPS Next Day Air Label. +$20.00,,Ship my device back to me UPS Ground. FREE!,,$250 - +$5.00,,0,,continue,manual,114.99,,TRUE,TRUE,,,,,,,,,lb,,
iphone-11-pro-ear-speaker-repair,,,,,,,,Email me a UPS Ground Label. FREE!,,Ship my device back to me UPS Ground. FREE!,,$500 - +$10.00,,0,,continue,manual,99.99,,TRUE,TRUE,,,,,,,,,lb,,
iphone-11-pro-ear-speaker-repair,,,,,,,,Email me a UPS 2nd Day Air Label. +$10.00,,Ship my device back to me UPS Ground. FREE!,,$500 - +$10.00,,0,,continue,manual,109.99,,TRUE,TRUE,,,,,,,,,lb,,
iphone-11-pro-ear-speaker-repair,,,,,,,,Email me a UPS Next Day Air Label. +$20.00,,Ship my device back to me UPS Ground. FREE!,,$500 - +$10.00,,0,,continue,manual,119.99,,TRUE,TRUE,,,,,,,,,lb,,
iphone-11-pro-ear-speaker-repair,,,,,,,,Email me a UPS Ground Label. FREE!,,Ship my device back to me UPS Ground. FREE!,,$750 - +$15.00,,0,,continue,manual,104.99,,TRUE,TRUE,,,,,,,,,lb,,
iphone-11-pro-ear-speaker-repair,,,,,,,,Email me a UPS 2nd Day Air Label. +$10.00,,Ship my device back to me UPS Ground. FREE!,,$750 - +$15.00,,0,,continue,manual,114.99,,TRUE,TRUE,,,,,,,,,lb,,
iphone-11-pro-ear-speaker-repair,,,,,,,,Email me a UPS Next Day Air Label. +$20.00,,Ship my device back to me UPS Ground. FREE!,,$750 - +$15.00,,0,,continue,manual,124.99,,TRUE,TRUE,,,,,,,,,lb,,
iphone-11-pro-ear-speaker-repair,,,,,,,,Email me a UPS Ground Label. FREE!,,Ship my device back to me UPS Ground. FREE!,,"$1,000 - +$20.00",,0,,continue,manual,109.99,,TRUE,TRUE,,,,,,,,,lb,,
iphone-11-pro-ear-speaker-repair,,,,,,,,Email me a UPS 2nd Day Air Label. +$10.00,,Ship my device back to me UPS Ground. FREE!,,"$1,000 - +$20.00",,0,,continue,manual,119.99,,TRUE,TRUE,,,,,,,,,lb,,
iphone-11-pro-ear-speaker-repair,,,,,,,,Email me a UPS Next Day Air Label. +$20.00,,Ship my device back to me UPS Ground. FREE!,,"$1,000 - +$20.00",,0,,continue,manual,129.99,,TRUE,TRUE,,,,,,,,,lb,,
iphone-11-pro-ear-speaker-repair,,,,,,,,Email me a UPS Ground Label. FREE!,,Ship my device back to me UPS 2nd Day Air. +$13.50,,$100 - FREE!,,0,,continue,manual,103.49,,TRUE,TRUE,,,,,,,,,lb,,
iphone-11-pro-ear-speaker-repair,,,,,,,,Email me a UPS 2nd Day Air Label. +$10.00,,Ship my device back to me UPS 2nd Day Air. +$13.50,,$100 - FREE!,,0,,continue,manual,113.49,,TRUE,TRUE,,,,,,,,,lb,,
iphone-11-pro-ear-speaker-repair,,,,,,,,Email me a UPS Next Day Air Label. +$20.00,,Ship my device back to me UPS 2nd Day Air. +$13.50,,$100 - FREE!,,0,,continue,manual,123.49,,TRUE,TRUE,,,,,,,,,lb,,
iphone-11-pro-ear-speaker-repair,,,,,,,,Email me a UPS Ground Label. FREE!,,Ship my device back to me UPS 2nd Day Air. +$13.50,,$250 - +$5.00,,0,,continue,manual,108.49,,TRUE,TRUE,,,,,,,,,lb,,
iphone-11-pro-ear-speaker-repair,,,,,,,,Email me a UPS 2nd Day Air Label. +$10.00,,Ship my device back to me UPS 2nd Day Air. +$13.50,,$250 - +$5.00,,0,,continue,manual,118.49,,TRUE,TRUE,,,,,,,,,lb,,
iphone-11-pro-ear-speaker-repair,,,,,,,,Email me a UPS Next Day Air Label. +$20.00,,Ship my device back to me UPS 2nd Day Air. +$13.50,,$250 - +$5.00,,0,,continue,manual,128.49,,TRUE,TRUE,,,,,,,,,lb,,
iphone-11-pro-ear-speaker-repair,,,,,,,,Email me a UPS Ground Label. FREE!,,Ship my device back to me UPS 2nd Day Air. +$13.50,,$500 - +$10.00,,0,,continue,manual,113.49,,TRUE,TRUE,,,,,,,,,lb,,
iphone-11-pro-ear-speaker-repair,,,,,,,,Email me a UPS 2nd Day Air Label. +$10.00,,Ship my device back to me UPS 2nd Day Air. +$13.50,,$500 - +$10.00,,0,,continue,manual,123.49,,TRUE,TRUE,,,,,,,,,lb,,
iphone-11-pro-ear-speaker-repair,,,,,,,,Email me a UPS Next Day Air Label. +$20.00,,Ship my device back to me UPS 2nd Day Air. +$13.50,,$500 - +$10.00,,0,,continue,manual,133.49,,TRUE,TRUE,,,,,,,,,lb,,
iphone-11-pro-ear-speaker-repair,,,,,,,,Email me a UPS Ground Label. FREE!,,Ship my device back to me UPS 2nd Day Air. +$13.50,,$750 - +$15.00,,0,,continue,manual,118.49,,TRUE,TRUE,,,,,,,,,lb,,
iphone-11-pro-ear-speaker-repair,,,,,,,,Email me a UPS 2nd Day Air Label. +$10.00,,Ship my device back to me UPS 2nd Day Air. +$13.50,,$750 - +$15.00,,0,,continue,manual,128.49,,TRUE,TRUE,,,,,,,,,lb,,
iphone-11-pro-ear-speaker-repair,,,,,,,,Email me a UPS Next Day Air Label. +$20.00,,Ship my device back to me UPS 2nd Day Air. +$13.50,,$750 - +$15.00,,0,,continue,manual,138.49,,TRUE,TRUE,,,,,,,,,lb,,
iphone-11-pro-ear-speaker-repair,,,,,,,,Email me a UPS Ground Label. FREE!,,Ship my device back to me UPS 2nd Day Air. +$13.50,,"$1,000 - +$20.00",,0,,continue,manual,123.49,,TRUE,TRUE,,,,,,,,,lb,,
iphone-11-pro-ear-speaker-repair,,,,,,,,Email me a UPS 2nd Day Air Label. +$10.00,,Ship my device back to me UPS 2nd Day Air. +$13.50,,"$1,000 - +$20.00",,0,,continue,manual,133.49,,TRUE,TRUE,,,,,,,,,lb,,
iphone-11-pro-ear-speaker-repair,,,,,,,,Email me a UPS Next Day Air Label. +$20.00,,Ship my device back to me UPS 2nd Day Air. +$13.50,,"$1,000 - +$20.00",,0,,continue,manual,143.49,,TRUE,TRUE,,,,,,,,,lb,,
iphone-11-pro-ear-speaker-repair,,,,,,,,Email me a UPS Ground Label. FREE!,,Ship my device back to me UPS Next Day Air. +$23.50,,$100 - FREE!,,0,,continue,manual,113.49,,TRUE,TRUE,,,,,,,,,lb,,
iphone-11-pro-ear-speaker-repair,,,,,,,,Email me a UPS 2nd Day Air Label. +$10.00,,Ship my device back to me UPS Next Day Air. +$23.50,,$100 - FREE!,,0,,continue,manual,123.49,,TRUE,TRUE,,,,,,,,,lb,,
iphone-11-pro-ear-speaker-repair,,,,,,,,Email me a UPS Next Day Air Label. +$20.00,,Ship my device back to me UPS Next Day Air. +$23.50,,$100 - FREE!,,0,,continue,manual,133.49,,TRUE,TRUE,,,,,,,,,lb,,
iphone-11-pro-ear-speaker-repair,,,,,,,,Email me a UPS Ground Label. FREE!,,Ship my device back to me UPS Next Day Air. +$23.50,,$250 - +$5.00,,0,,continue,manual,118.49,,TRUE,TRUE,,,,,,,,,lb,,
iphone-11-pro-ear-speaker-repair,,,,,,,,Email me a UPS 2nd Day Air Label. +$10.00,,Ship my device back to me UPS Next Day Air. +$23.50,,$250 - +$5.00,,0,,continue,manual,128.49,,TRUE,TRUE,,,,,,,,,lb,,
iphone-11-pro-ear-speaker-repair,,,,,,,,Email me a UPS Next Day Air Label. +$20.00,,Ship my device back to me UPS Next Day Air. +$23.50,,$250 - +$5.00,,0,,continue,manual,138.49,,TRUE,TRUE,,,,,,,,,lb,,
iphone-11-pro-ear-speaker-repair,,,,,,,,Email me a UPS Ground Label. FREE!,,Ship my device back to me UPS Next Day Air. +$23.50,,$500 - +$10.00,,0,,continue,manual,123.49,,TRUE,TRUE,,,,,,,,,lb,,
iphone-11-pro-ear-speaker-repair,,,,,,,,Email me a UPS 2nd Day Air Label. +$10.00,,Ship my device back to me UPS Next Day Air. +$23.50,,$500 - +$10.00,,0,,continue,manual,133.49,,TRUE,TRUE,,,,,,,,,lb,,
iphone-11-pro-ear-speaker-repair,,,,,,,,Email me a UPS Next Day Air Label. +$20.00,,Ship my device back to me UPS Next Day Air. +$23.50,,$500 - +$10.00,,0,,continue,manual,143.49,,TRUE,TRUE,,,,,,,,,lb,,
iphone-11-pro-ear-speaker-repair,,,,,,,,Email me a UPS Ground Label. FREE!,,Ship my device back to me UPS Next Day Air. +$23.50,,$750 - +$15.00,,0,,continue,manual,128.49,,TRUE,TRUE,,,,,,,,,lb,,
iphone-11-pro-ear-speaker-repair,,,,,,,,Email me a UPS 2nd Day Air Label. +$10.00,,Ship my device back to me UPS Next Day Air. +$23.50,,$750 - +$15.00,,0,,continue,manual,138.49,,TRUE,TRUE,,,,,,,,,lb,,
iphone-11-pro-ear-speaker-repair,,,,,,,,Email me a UPS Next Day Air Label. +$20.00,,Ship my device back to me UPS Next Day Air. +$23.50,,$750 - +$15.00,,0,,continue,manual,148.49,,TRUE,TRUE,,,,,,,,,lb,,
iphone-11-pro-ear-speaker-repair,,,,,,,,Email me a UPS Ground Label. FREE!,,Ship my device back to me UPS Next Day Air. +$23.50,,"$1,000 - +$20.00",,0,,continue,manual,133.49,,TRUE,TRUE,,,,,,,,,lb,,
iphone-11-pro-ear-speaker-repair,,,,,,,,Email me a UPS 2nd Day Air Label. +$10.00,,Ship my device back to me UPS Next Day Air. +$23.50,,"$1,000 - +$20.00",,0,,continue,manual,143.49,,TRUE,TRUE,,,,,,,,,lb,,
iphone-11-pro-ear-speaker-repair,,,,,,,,Email me a UPS Next Day Air Label. +$20.00,,Ship my device back to me UPS Next Day Air. +$23.50,,"$1,000 - +$20.00",,0,,continue,manual,153.49,,TRUE,TRUE,,,,,,,,,lb,,
iphone-11-pro-vibrate-switch-repair,iPhone 11 Pro Vibrate Switch Repair,"<h2>iPhone 11 Pro Vibrate Switch Repair</h2><p>&nbsp;</p><p>We recommend not trying Vibrate Switch Repair yourself. Devices have become more and more sophisticated and you may cause more damage. Using the supplied shipping label, send your iPhone 11 Pro to iFixYouri's mail-in center so our skilled repair technicians can inspect your device, pinpoint all/any issues affecting it, and get them repaired the professional way.</p><p>&nbsp;</p><p>iFixYouri is here to solve your problem with Vibrate Switch Repair for iPhone 11 Pro. With this service, we'll determine the extent of the damage, get your device repaired, and send it back to you. We'll let you know if there are any other issues affecting your device and give you the option of proceeding with those repairs.</p><p>&nbsp;</p>Free UPS ground shipping and $100 of insurance are included. You may purchase faster shipping options and additional insurance protection using the drop-down options above. That's up to you. Don't send us your cables, charges, or cases please. We have plenty here already :) Just package your iPhone 11 Pro in a secure box and affix the provided label.</p><p>&nbsp;</p><p>Vibrate Switch Repair repair includes a 90-day warranty that covers all but accidental damage. If you notice something off about the fit, function, or performance of your replacement part or parts, let us know right away and we will be glad to help.</p><p>&nbsp;</p><p>If you have specific questions about Vibrate Switch Repair or any iPhone 11 Pro service from iFixYouri, please ask them in the box below. Contact customer service with any questions at <a href=""tel:888-494-4349"">888-494-4349</a> or <a href=""mailto:support@ifixyouri.com"">support@ifixyouri.com</a>.</p>",iFixYouri,,iPhone 11 Pro Repair Services,TRUE,Inbound Shipping,Email me a UPS Ground Label. FREE!,Outbound Shipping,Ship my device back to me UPS Ground. FREE!,Insurance,$100 - FREE!,,0,,continue,manual,89.99,,TRUE,TRUE,,,,,,iPhone 11 Pro Vibrate Switch Repair,iPhone 11 Pro Vibrate Switch Repair performed by repair experts iFixYouri. Warranty included. Call today 888-494-4349.,,lb,,
iphone-11-pro-vibrate-switch-repair,,,,,,,,Email me a UPS 2nd Day Air Label. +$10.00,,Ship my device back to me UPS Ground. FREE!,,$100 - FREE!,,0,,continue,manual,99.99,,TRUE,TRUE,,,,,,,,,lb,,
iphone-11-pro-vibrate-switch-repair,,,,,,,,Email me a UPS Next Day Air Label. +$20.00,,Ship my device back to me UPS Ground. FREE!,,$100 - FREE!,,0,,continue,manual,109.99,,TRUE,TRUE,,,,,,,,,lb,,
iphone-11-pro-vibrate-switch-repair,,,,,,,,Email me a UPS Ground Label. FREE!,,Ship my device back to me UPS Ground. FREE!,,$250 - +$5.00,,0,,continue,manual,94.99,,TRUE,TRUE,,,,,,,,,lb,,
iphone-11-pro-vibrate-switch-repair,,,,,,,,Email me a UPS 2nd Day Air Label. +$10.00,,Ship my device back to me UPS Ground. FREE!,,$250 - +$5.00,,0,,continue,manual,104.99,,TRUE,TRUE,,,,,,,,,lb,,
iphone-11-pro-vibrate-switch-repair,,,,,,,,Email me a UPS Next Day Air Label. +$20.00,,Ship my device back to me UPS Ground. FREE!,,$250 - +$5.00,,0,,continue,manual,114.99,,TRUE,TRUE,,,,,,,,,lb,,
iphone-11-pro-vibrate-switch-repair,,,,,,,,Email me a UPS Ground Label. FREE!,,Ship my device back to me UPS Ground. FREE!,,$500 - +$10.00,,0,,continue,manual,99.99,,TRUE,TRUE,,,,,,,,,lb,,
iphone-11-pro-vibrate-switch-repair,,,,,,,,Email me a UPS 2nd Day Air Label. +$10.00,,Ship my device back to me UPS Ground. FREE!,,$500 - +$10.00,,0,,continue,manual,109.99,,TRUE,TRUE,,,,,,,,,lb,,
iphone-11-pro-vibrate-switch-repair,,,,,,,,Email me a UPS Next Day Air Label. +$20.00,,Ship my device back to me UPS Ground. FREE!,,$500 - +$10.00,,0,,continue,manual,119.99,,TRUE,TRUE,,,,,,,,,lb,,
iphone-11-pro-vibrate-switch-repair,,,,,,,,Email me a UPS Ground Label. FREE!,,Ship my device back to me UPS Ground. FREE!,,$750 - +$15.00,,0,,continue,manual,104.99,,TRUE,TRUE,,,,,,,,,lb,,
iphone-11-pro-vibrate-switch-repair,,,,,,,,Email me a UPS 2nd Day Air Label. +$10.00,,Ship my device back to me UPS Ground. FREE!,,$750 - +$15.00,,0,,continue,manual,114.99,,TRUE,TRUE,,,,,,,,,lb,,
iphone-11-pro-vibrate-switch-repair,,,,,,,,Email me a UPS Next Day Air Label. +$20.00,,Ship my device back to me UPS Ground. FREE!,,$750 - +$15.00,,0,,continue,manual,124.99,,TRUE,TRUE,,,,,,,,,lb,,
iphone-11-pro-vibrate-switch-repair,,,,,,,,Email me a UPS Ground Label. FREE!,,Ship my device back to me UPS Ground. FREE!,,"$1,000 - +$20.00",,0,,continue,manual,109.99,,TRUE,TRUE,,,,,,,,,lb,,
iphone-11-pro-vibrate-switch-repair,,,,,,,,Email me a UPS 2nd Day Air Label. +$10.00,,Ship my device back to me UPS Ground. FREE!,,"$1,000 - +$20.00",,0,,continue,manual,119.99,,TRUE,TRUE,,,,,,,,,lb,,
iphone-11-pro-vibrate-switch-repair,,,,,,,,Email me a UPS Next Day Air Label. +$20.00,,Ship my device back to me UPS Ground. FREE!,,"$1,000 - +$20.00",,0,,continue,manual,129.99,,TRUE,TRUE,,,,,,,,,lb,,
iphone-11-pro-vibrate-switch-repair,,,,,,,,Email me a UPS Ground Label. FREE!,,Ship my device back to me UPS 2nd Day Air. +$13.50,,$100 - FREE!,,0,,continue,manual,103.49,,TRUE,TRUE,,,,,,,,,lb,,
iphone-11-pro-vibrate-switch-repair,,,,,,,,Email me a UPS 2nd Day Air Label. +$10.00,,Ship my device back to me UPS 2nd Day Air. +$13.50,,$100 - FREE!,,0,,continue,manual,113.49,,TRUE,TRUE,,,,,,,,,lb,,
iphone-11-pro-vibrate-switch-repair,,,,,,,,Email me a UPS Next Day Air Label. +$20.00,,Ship my device back to me UPS 2nd Day Air. +$13.50,,$100 - FREE!,,0,,continue,manual,123.49,,TRUE,TRUE,,,,,,,,,lb,,
iphone-11-pro-vibrate-switch-repair,,,,,,,,Email me a UPS Ground Label. FREE!,,Ship my device back to me UPS 2nd Day Air. +$13.50,,$250 - +$5.00,,0,,continue,manual,108.49,,TRUE,TRUE,,,,,,,,,lb,,
iphone-11-pro-vibrate-switch-repair,,,,,,,,Email me a UPS 2nd Day Air Label. +$10.00,,Ship my device back to me UPS 2nd Day Air. +$13.50,,$250 - +$5.00,,0,,continue,manual,118.49,,TRUE,TRUE,,,,,,,,,lb,,
iphone-11-pro-vibrate-switch-repair,,,,,,,,Email me a UPS Next Day Air Label. +$20.00,,Ship my device back to me UPS 2nd Day Air. +$13.50,,$250 - +$5.00,,0,,continue,manual,128.49,,TRUE,TRUE,,,,,,,,,lb,,
iphone-11-pro-vibrate-switch-repair,,,,,,,,Email me a UPS Ground Label. FREE!,,Ship my device back to me UPS 2nd Day Air. +$13.50,,$500 - +$10.00,,0,,continue,manual,113.49,,TRUE,TRUE,,,,,,,,,lb,,
iphone-11-pro-vibrate-switch-repair,,,,,,,,Email me a UPS 2nd Day Air Label. +$10.00,,Ship my device back to me UPS 2nd Day Air. +$13.50,,$500 - +$10.00,,0,,continue,manual,123.49,,TRUE,TRUE,,,,,,,,,lb,,
iphone-11-pro-vibrate-switch-repair,,,,,,,,Email me a UPS Next Day Air Label. +$20.00,,Ship my device back to me UPS 2nd Day Air. +$13.50,,$500 - +$10.00,,0,,continue,manual,133.49,,TRUE,TRUE,,,,,,,,,lb,,
iphone-11-pro-vibrate-switch-repair,,,,,,,,Email me a UPS Ground Label. FREE!,,Ship my device back to me UPS 2nd Day Air. +$13.50,,$750 - +$15.00,,0,,continue,manual,118.49,,TRUE,TRUE,,,,,,,,,lb,,
iphone-11-pro-vibrate-switch-repair,,,,,,,,Email me a UPS 2nd Day Air Label. +$10.00,,Ship my device back to me UPS 2nd Day Air. +$13.50,,$750 - +$15.00,,0,,continue,manual,128.49,,TRUE,TRUE,,,,,,,,,lb,,
iphone-11-pro-vibrate-switch-repair,,,,,,,,Email me a UPS Next Day Air Label. +$20.00,,Ship my device back to me UPS 2nd Day Air. +$13.50,,$750 - +$15.00,,0,,continue,manual,138.49,,TRUE,TRUE,,,,,,,,,lb,,
iphone-11-pro-vibrate-switch-repair,,,,,,,,Email me a UPS Ground Label. FREE!,,Ship my device back to me UPS 2nd Day Air. +$13.50,,"$1,000 - +$20.00",,0,,continue,manual,123.49,,TRUE,TRUE,,,,,,,,,lb,,
iphone-11-pro-vibrate-switch-repair,,,,,,,,Email me a UPS 2nd Day Air Label. +$10.00,,Ship my device back to me UPS 2nd Day Air. +$13.50,,"$1,000 - +$20.00",,0,,continue,manual,133.49,,TRUE,TRUE,,,,,,,,,lb,,
iphone-11-pro-vibrate-switch-repair,,,,,,,,Email me a UPS Next Day Air Label. +$20.00,,Ship my device back to me UPS 2nd Day Air. +$13.50,,"$1,000 - +$20.00",,0,,continue,manual,143.49,,TRUE,TRUE,,,,,,,,,lb,,
iphone-11-pro-vibrate-switch-repair,,,,,,,,Email me a UPS Ground Label. FREE!,,Ship my device back to me UPS Next Day Air. +$23.50,,$100 - FREE!,,0,,continue,manual,113.49,,TRUE,TRUE,,,,,,,,,lb,,
iphone-11-pro-vibrate-switch-repair,,,,,,,,Email me a UPS 2nd Day Air Label. +$10.00,,Ship my device back to me UPS Next Day Air. +$23.50,,$100 - FREE!,,0,,continue,manual,123.49,,TRUE,TRUE,,,,,,,,,lb,,
iphone-11-pro-vibrate-switch-repair,,,,,,,,Email me a UPS Next Day Air Label. +$20.00,,Ship my device back to me UPS Next Day Air. +$23.50,,$100 - FREE!,,0,,continue,manual,133.49,,TRUE,TRUE,,,,,,,,,lb,,
iphone-11-pro-vibrate-switch-repair,,,,,,,,Email me a UPS Ground Label. FREE!,,Ship my device back to me UPS Next Day Air. +$23.50,,$250 - +$5.00,,0,,continue,manual,118.49,,TRUE,TRUE,,,,,,,,,lb,,
iphone-11-pro-vibrate-switch-repair,,,,,,,,Email me a UPS 2nd Day Air Label. +$10.00,,Ship my device back to me UPS Next Day Air. +$23.50,,$250 - +$5.00,,0,,continue,manual,128.49,,TRUE,TRUE,,,,,,,,,lb,,
iphone-11-pro-vibrate-switch-repair,,,,,,,,Email me a UPS Next Day Air Label. +$20.00,,Ship my device back to me UPS Next Day Air. +$23.50,,$250 - +$5.00,,0,,continue,manual,138.49,,TRUE,TRUE,,,,,,,,,lb,,
iphone-11-pro-vibrate-switch-repair,,,,,,,,Email me a UPS Ground Label. FREE!,,Ship my device back to me UPS Next Day Air. +$23.50,,$500 - +$10.00,,0,,continue,manual,123.49,,TRUE,TRUE,,,,,,,,,lb,,
iphone-11-pro-vibrate-switch-repair,,,,,,,,Email me a UPS 2nd Day Air Label. +$10.00,,Ship my device back to me UPS Next Day Air. +$23.50,,$500 - +$10.00,,0,,continue,manual,133.49,,TRUE,TRUE,,,,,,,,,lb,,
iphone-11-pro-vibrate-switch-repair,,,,,,,,Email me a UPS Next Day Air Label. +$20.00,,Ship my device back to me UPS Next Day Air. +$23.50,,$500 - +$10.00,,0,,continue,manual,143.49,,TRUE,TRUE,,,,,,,,,lb,,
iphone-11-pro-vibrate-switch-repair,,,,,,,,Email me a UPS Ground Label. FREE!,,Ship my device back to me UPS Next Day Air. +$23.50,,$750 - +$15.00,,0,,continue,manual,128.49,,TRUE,TRUE,,,,,,,,,lb,,
iphone-11-pro-vibrate-switch-repair,,,,,,,,Email me a UPS 2nd Day Air Label. +$10.00,,Ship my device back to me UPS Next Day Air. +$23.50,,$750 - +$15.00,,0,,continue,manual,138.49,,TRUE,TRUE,,,,,,,,,lb,,
iphone-11-pro-vibrate-switch-repair,,,,,,,,Email me a UPS Next Day Air Label. +$20.00,,Ship my device back to me UPS Next Day Air. +$23.50,,$750 - +$15.00,,0,,continue,manual,148.49,,TRUE,TRUE,,,,,,,,,lb,,
iphone-11-pro-vibrate-switch-repair,,,,,,,,Email me a UPS Ground Label. FREE!,,Ship my device back to me UPS Next Day Air. +$23.50,,"$1,000 - +$20.00",,0,,continue,manual,133.49,,TRUE,TRUE,,,,,,,,,lb,,
iphone-11-pro-vibrate-switch-repair,,,,,,,,Email me a UPS 2nd Day Air Label. +$10.00,,Ship my device back to me UPS Next Day Air. +$23.50,,"$1,000 - +$20.00",,0,,continue,manual,143.49,,TRUE,TRUE,,,,,,,,,lb,,
iphone-11-pro-vibrate-switch-repair,,,,,,,,Email me a UPS Next Day Air Label. +$20.00,,Ship my device back to me UPS Next Day Air. +$23.50,,"$1,000 - +$20.00",,0,,continue,manual,153.49,,TRUE,TRUE,,,,,,,,,lb,,
